
################################################################################
# Gelman-Rubin Diagnostic
################################################################################

Generally the Gelman diagnostic should be < 1.05


Out of 1189 variables: 61 > 1.01

                      
3 > 1.05

                      
0 > 1.1


The worst variables are:

              Point est. Upper C.I.
ilr.fac1[1,2]   1.070880   1.212886
p.global[3]     1.065258   1.207456
ilr.global[2]   1.052688   1.169454
p.fac1[2,3]     1.041127   1.132747
ilr.global[3]   1.036033   1.078685
ilr.fac1[1,1]   1.033531   1.086871
p.fac1[3,3]     1.031946   1.105464
p.fac1[4,3]     1.029605   1.100927
p.global[4]     1.027776   1.063513
p.fac1[5,3]     1.027770   1.093995


And here are the Gelman diagnostics for all variables:

               Point est. Upper C.I.
deviance        0.9997480  1.0016252
fac1.sig        1.0247185  1.0735951
fac2.sig        0.9997887  1.0010228
ilr.cont1[1]    1.0026539  1.0057799
ilr.cont1[2]    1.0012643  1.0024736
ilr.cont1[3]    1.0028409  1.0123676
ilr.fac1[1,1]   1.0335310  1.0868708
ilr.fac1[2,1]   1.0059693  1.0066182
ilr.fac1[3,1]   1.0229053  1.0464860
ilr.fac1[4,1]   1.0018527  1.0033147
ilr.fac1[5,1]   1.0076020  1.0077492
ilr.fac1[1,2]   1.0708800  1.2128858
ilr.fac1[2,2]   1.0027181  1.0041577
ilr.fac1[3,2]   1.0017385  1.0020024
ilr.fac1[4,2]   1.0043377  1.0136764
ilr.fac1[5,2]   1.0179230  1.0399908
ilr.fac1[1,3]   1.0221625  1.0533613
ilr.fac1[2,3]   1.0165385  1.0407286
ilr.fac1[3,3]   1.0029504  1.0039336
ilr.fac1[4,3]   1.0027925  1.0040523
ilr.fac1[5,3]   1.0024174  1.0102659
ilr.fac2[1,1]   1.0040645  1.0141060
ilr.fac2[2,1]   1.0049198  1.0099491
ilr.fac2[3,1]   1.0056936  1.0111647
ilr.fac2[4,1]   1.0010308  1.0043264
ilr.fac2[5,1]   1.0004624  1.0030030
ilr.fac2[6,1]   1.0005086  1.0045031
ilr.fac2[7,1]   1.0004450  1.0014277
ilr.fac2[8,1]   0.9999601  1.0006734
ilr.fac2[9,1]   0.9998185  1.0011947
ilr.fac2[10,1]  1.0015120  1.0026772
ilr.fac2[11,1]  0.9997356  1.0003644
ilr.fac2[12,1]  1.0016786  1.0025072
ilr.fac2[13,1]  1.0001501  1.0016006
ilr.fac2[14,1]  1.0011996  1.0016299
ilr.fac2[15,1]  0.9995070  1.0008379
ilr.fac2[16,1]  0.9996238  1.0010684
ilr.fac2[17,1]  1.0008181  1.0033502
ilr.fac2[18,1]  1.0000253  1.0013695
ilr.fac2[19,1]  0.9995981  1.0000435
ilr.fac2[20,1]  1.0002138  1.0009803
ilr.fac2[21,1]  0.9992934  0.9993397
ilr.fac2[22,1]  1.0011140  1.0043465
ilr.fac2[23,1]  1.0014588  1.0078245
ilr.fac2[1,2]   1.0081545  1.0256973
ilr.fac2[2,2]   0.9995033  1.0000583
ilr.fac2[3,2]   1.0016757  1.0064021
ilr.fac2[4,2]   1.0035229  1.0126009
ilr.fac2[5,2]   1.0042199  1.0113743
ilr.fac2[6,2]   1.0003317  1.0027911
ilr.fac2[7,2]   1.0010960  1.0043492
ilr.fac2[8,2]   1.0016271  1.0053972
ilr.fac2[9,2]   1.0020473  1.0039438
ilr.fac2[10,2]  1.0003640  1.0023283
ilr.fac2[11,2]  1.0011734  1.0068100
ilr.fac2[12,2]  1.0040638  1.0080560
ilr.fac2[13,2]  1.0077615  1.0285707
ilr.fac2[14,2]  1.0013068  1.0061077
ilr.fac2[15,2]  1.0016102  1.0071161
ilr.fac2[16,2]  1.0013902  1.0040117
ilr.fac2[17,2]  1.0005018  1.0018240
ilr.fac2[18,2]  1.0043235  1.0174255
ilr.fac2[19,2]  1.0028828  1.0067779
ilr.fac2[20,2]  1.0069893  1.0175415
ilr.fac2[21,2]  1.0116947  1.0402014
ilr.fac2[22,2]  1.0008056  1.0038578
ilr.fac2[23,2]  1.0033046  1.0093335
ilr.fac2[1,3]   1.0045967  1.0136728
ilr.fac2[2,3]   1.0021010  1.0051451
ilr.fac2[3,3]   0.9994320  1.0005545
ilr.fac2[4,3]   0.9999889  1.0014760
ilr.fac2[5,3]   0.9990100  0.9990300
ilr.fac2[6,3]   1.0006218  1.0010113
ilr.fac2[7,3]   1.0012746  1.0057180
ilr.fac2[8,3]   1.0010049  1.0041877
ilr.fac2[9,3]   1.0022691  1.0032656
ilr.fac2[10,3]  1.0006372  1.0019522
ilr.fac2[11,3]  1.0015474  1.0049415
ilr.fac2[12,3]  0.9998104  1.0008052
ilr.fac2[13,3]  1.0001389  1.0011733
ilr.fac2[14,3]  1.0020411  1.0090010
ilr.fac2[15,3]  1.0075495  1.0234764
ilr.fac2[16,3]  1.0020777  1.0036141
ilr.fac2[17,3]  1.0016198  1.0083342
ilr.fac2[18,3]  1.0052271  1.0197643
ilr.fac2[19,3]  1.0050722  1.0197103
ilr.fac2[20,3]  0.9996947  1.0011913
ilr.fac2[21,3]  1.0053717  1.0164997
ilr.fac2[22,3]  1.0003940  1.0028597
ilr.fac2[23,3]  1.0003279  1.0020381
ilr.global[1]   1.0083652  1.0202874
ilr.global[2]   1.0526882  1.1694543
ilr.global[3]   1.0360325  1.0786847
loglik[1]       1.0022706  1.0060440
loglik[2]       0.9998735  1.0009464
loglik[3]       1.0006823  1.0027330
loglik[4]       0.9996973  1.0008645
loglik[5]       1.0001656  1.0008206
loglik[6]       0.9999212  1.0018291
loglik[7]       0.9991102  0.9993320
loglik[8]       0.9994773  0.9997849
loglik[9]       1.0012895  1.0053977
loglik[10]      1.0032420  1.0059303
loglik[11]      1.0009803  1.0040923
loglik[12]      1.0011587  1.0037553
loglik[13]      1.0006652  1.0042654
loglik[14]      1.0013021  1.0026300
loglik[15]      0.9999348  1.0010594
loglik[16]      1.0011915  1.0038390
loglik[17]      0.9994783  0.9999625
loglik[18]      1.0000651  1.0014545
loglik[19]      1.0000073  1.0026640
loglik[20]      1.0010029  1.0053258
loglik[21]      1.0015482  1.0049231
loglik[22]      1.0004136  1.0030452
loglik[23]      0.9991894  0.9996130
loglik[24]      0.9997117  1.0011368
loglik[25]      1.0010325  1.0040847
loglik[26]      1.0017846  1.0071151
loglik[27]      1.0009533  1.0044363
loglik[28]      1.0003945  1.0025699
loglik[29]      0.9997925  1.0008195
loglik[30]      1.0001361  1.0030217
loglik[31]      1.0012624  1.0055775
loglik[32]      0.9993569  1.0002521
loglik[33]      1.0001999  1.0020601
loglik[34]      1.0002843  1.0027252
loglik[35]      1.0009596  1.0057026
loglik[36]      1.0034774  1.0137563
loglik[37]      1.0066681  1.0148879
loglik[38]      1.0033863  1.0054748
loglik[39]      1.0052870  1.0105648
loglik[40]      1.0014599  1.0046446
loglik[41]      1.0003552  1.0017779
loglik[42]      1.0013380  1.0060578
loglik[43]      0.9998909  1.0017614
loglik[44]      1.0025503  1.0113016
loglik[45]      1.0017887  1.0063980
loglik[46]      1.0015990  1.0075924
loglik[47]      1.0008459  1.0035306
loglik[48]      1.0028514  1.0088488
loglik[49]      1.0014034  1.0022377
loglik[50]      1.0005015  1.0009809
loglik[51]      1.0020628  1.0038832
loglik[52]      1.0010096  1.0039143
loglik[53]      0.9995259  0.9999078
loglik[54]      1.0003311  1.0033391
loglik[55]      1.0011690  1.0034666
loglik[56]      1.0003508  1.0007544
loglik[57]      1.0023032  1.0100367
loglik[58]      1.0006509  1.0020693
loglik[59]      1.0024182  1.0091645
loglik[60]      1.0002627  1.0023188
loglik[61]      1.0013921  1.0050862
loglik[62]      1.0006711  1.0026292
loglik[63]      1.0000901  1.0009142
loglik[64]      1.0012437  1.0017840
loglik[65]      1.0000294  1.0025704
loglik[66]      1.0009432  1.0025060
loglik[67]      1.0025079  1.0062120
loglik[68]      1.0001362  1.0029859
loglik[69]      1.0008470  1.0038640
loglik[70]      1.0007689  1.0013276
loglik[71]      1.0020874  1.0036905
loglik[72]      1.0017187  1.0033963
loglik[73]      1.0035332  1.0071062
loglik[74]      1.0014880  1.0045525
loglik[75]      1.0001931  1.0024024
loglik[76]      0.9998319  1.0017938
loglik[77]      1.0014333  1.0074690
loglik[78]      1.0012002  1.0043438
loglik[79]      0.9994333  1.0005301
loglik[80]      1.0012183  1.0035805
loglik[81]      1.0003106  1.0004396
loglik[82]      1.0029664  1.0100356
loglik[83]      1.0000366  1.0024360
loglik[84]      1.0001341  1.0015526
loglik[85]      1.0001087  1.0009517
loglik[86]      1.0016965  1.0074288
loglik[87]      1.0006522  1.0029026
loglik[88]      0.9995474  1.0002852
loglik[89]      1.0010423  1.0049378
loglik[90]      1.0037413  1.0109245
loglik[91]      0.9998553  1.0013121
loglik[92]      0.9998761  1.0009451
loglik[93]      1.0005601  1.0036511
loglik[94]      1.0005131  1.0021171
loglik[95]      0.9997330  0.9999587
loglik[96]      1.0003771  1.0037756
loglik[97]      1.0041830  1.0111852
loglik[98]      1.0020741  1.0064647
loglik[99]      1.0009905  1.0036273
loglik[100]     1.0018210  1.0040311
loglik[101]     0.9997485  1.0015819
loglik[102]     1.0015334  1.0064650
loglik[103]     1.0006192  1.0046054
loglik[104]     1.0009293  1.0037461
loglik[105]     1.0003546  1.0039487
loglik[106]     1.0003938  1.0036721
loglik[107]     1.0010392  1.0037966
loglik[108]     0.9997394  1.0011930
loglik[109]     1.0006164  1.0039071
loglik[110]     1.0011641  1.0046156
loglik[111]     1.0007853  1.0022938
loglik[112]     1.0010483  1.0020362
loglik[113]     1.0009175  1.0046994
loglik[114]     1.0015153  1.0045860
loglik[115]     1.0006231  1.0037731
loglik[116]     1.0015236  1.0059412
loglik[117]     1.0006477  1.0043413
loglik[118]     1.0019871  1.0066975
loglik[119]     1.0007983  1.0025625
loglik[120]     1.0001057  1.0020822
loglik[121]     0.9999866  1.0006221
loglik[122]     0.9997383  1.0003779
loglik[123]     1.0003409  1.0025406
loglik[124]     1.0089574  1.0150251
loglik[125]     0.9994957  1.0003409
loglik[126]     1.0010451  1.0063726
loglik[127]     0.9997229  1.0015599
loglik[128]     1.0070553  1.0253068
loglik[129]     1.0007934  1.0047870
loglik[130]     0.9992037  0.9994792
loglik[131]     0.9999902  1.0011440
loglik[132]     1.0016291  1.0033649
loglik[133]     1.0007175  1.0037218
loglik[134]     0.9997017  1.0011803
loglik[135]     1.0002784  1.0029593
loglik[136]     0.9991580  0.9993906
loglik[137]     1.0004861  1.0028396
loglik[138]     0.9991896  0.9994127
loglik[139]     1.0000752  1.0028274
loglik[140]     0.9996945  1.0007960
loglik[141]     0.9995366  0.9997912
loglik[142]     1.0037673  1.0146097
loglik[143]     1.0000385  1.0014363
loglik[144]     1.0012055  1.0056708
loglik[145]     0.9996917  1.0003898
loglik[146]     0.9994218  1.0000283
loglik[147]     1.0018671  1.0028941
loglik[148]     0.9997045  1.0001411
loglik[149]     1.0028604  1.0088689
loglik[150]     1.0029641  1.0100095
loglik[151]     1.0061244  1.0237442
loglik[152]     0.9995357  1.0000608
loglik[153]     1.0006104  1.0034086
loglik[154]     1.0002507  1.0017064
loglik[155]     1.0019223  1.0040591
loglik[156]     0.9996296  1.0009516
loglik[157]     0.9999711  1.0013597
loglik[158]     1.0036075  1.0100203
loglik[159]     1.0025675  1.0076226
loglik[160]     1.0004302  1.0009516
loglik[161]     1.0014935  1.0067452
loglik[162]     1.0003738  1.0022601
loglik[163]     1.0007081  1.0032845
loglik[164]     1.0001476  1.0011652
loglik[165]     0.9998000  0.9998541
loglik[166]     1.0010773  1.0041249
loglik[167]     0.9991324  0.9993411
loglik[168]     0.9998565  0.9999531
loglik[169]     1.0006361  1.0030243
loglik[170]     1.0010572  1.0025055
loglik[171]     1.0001232  1.0020224
loglik[172]     1.0037308  1.0058468
loglik[173]     1.0044884  1.0158825
loglik[174]     1.0044986  1.0065197
loglik[175]     1.0008861  1.0022030
loglik[176]     1.0008762  1.0030855
loglik[177]     1.0040666  1.0093028
loglik[178]     1.0032230  1.0074496
loglik[179]     1.0030481  1.0060279
loglik[180]     1.0001701  1.0014968
loglik[181]     0.9997516  1.0008532
loglik[182]     1.0008621  1.0040750
loglik[183]     1.0046190  1.0180488
loglik[184]     1.0017706  1.0080569
loglik[185]     1.0012279  1.0026730
loglik[186]     1.0013322  1.0065604
loglik[187]     1.0047988  1.0177577
loglik[188]     1.0011945  1.0026724
loglik[189]     1.0011243  1.0018826
loglik[190]     1.0051912  1.0107874
loglik[191]     1.0016912  1.0019832
loglik[192]     1.0013881  1.0033544
loglik[193]     1.0015616  1.0037248
loglik[194]     0.9997831  1.0014979
loglik[195]     1.0001031  1.0014297
loglik[196]     0.9996678  0.9997755
p.fac1[1,1]     0.9997893  1.0018060
p.fac1[2,1]     1.0059583  1.0221143
p.fac1[3,1]     1.0043216  1.0117477
p.fac1[4,1]     1.0025373  1.0060782
p.fac1[5,1]     1.0044054  1.0173820
p.fac1[1,2]     0.9995737  1.0004521
p.fac1[2,2]     1.0215627  1.0354585
p.fac1[3,2]     1.0053771  1.0116054
p.fac1[4,2]     1.0041557  1.0122711
p.fac1[5,2]     1.0040027  1.0090970
p.fac1[1,3]     1.0024616  1.0102262
p.fac1[2,3]     1.0411266  1.1327469
p.fac1[3,3]     1.0319456  1.1054639
p.fac1[4,3]     1.0296051  1.1009274
p.fac1[5,3]     1.0277696  1.0939954
p.fac1[1,4]     1.0001985  1.0011760
p.fac1[2,4]     1.0243188  1.0745507
p.fac1[3,4]     1.0041557  1.0090374
p.fac1[4,4]     1.0098407  1.0242113
p.fac1[5,4]     1.0174664  1.0583610
p.fac2[1,1]     0.9996769  1.0009405
p.fac2[2,1]     0.9997434  1.0005229
p.fac2[3,1]     0.9995380  1.0009075
p.fac2[4,1]     1.0000685  1.0021086
p.fac2[5,1]     0.9995011  0.9999072
p.fac2[6,1]     1.0000319  1.0024206
p.fac2[7,1]     1.0003056  1.0021737
p.fac2[8,1]     0.9997713  1.0009419
p.fac2[9,1]     0.9996088  1.0000233
p.fac2[10,1]    1.0010232  1.0052551
p.fac2[11,1]    0.9996018  0.9997169
p.fac2[12,1]    0.9991708  0.9994548
p.fac2[13,1]    0.9995411  1.0005768
p.fac2[14,1]    1.0009860  1.0044950
p.fac2[15,1]    1.0014103  1.0037591
p.fac2[16,1]    0.9996955  1.0004110
p.fac2[17,1]    1.0001232  1.0018453
p.fac2[18,1]    1.0048608  1.0202608
p.fac2[19,1]    1.0028812  1.0122073
p.fac2[20,1]    1.0028389  1.0128633
p.fac2[21,1]    1.0025287  1.0103363
p.fac2[22,1]    1.0001240  1.0011865
p.fac2[23,1]    1.0008593  1.0050989
p.fac2[1,2]     1.0027316  1.0126318
p.fac2[2,2]     1.0067464  1.0118688
p.fac2[3,2]     0.9996311  1.0003110
p.fac2[4,2]     1.0003464  1.0031088
p.fac2[5,2]     1.0086491  1.0116498
p.fac2[6,2]     1.0012646  1.0062802
p.fac2[7,2]     1.0005019  1.0031480
p.fac2[8,2]     0.9990983  0.9991804
p.fac2[9,2]     0.9995275  1.0004925
p.fac2[10,2]    0.9996070  0.9999345
p.fac2[11,2]    1.0001343  1.0018251
p.fac2[12,2]    1.0027672  1.0056780
p.fac2[13,2]    1.0001982  1.0010165
p.fac2[14,2]    1.0101967  1.0203148
p.fac2[15,2]    1.0120664  1.0202150
p.fac2[16,2]    0.9996625  1.0008184
p.fac2[17,2]    0.9998983  1.0019970
p.fac2[18,2]    1.0093397  1.0212685
p.fac2[19,2]    1.0091001  1.0224056
p.fac2[20,2]    1.0002075  1.0015482
p.fac2[21,2]    1.0035702  1.0110745
p.fac2[22,2]    0.9997957  1.0015187
p.fac2[23,2]    1.0017435  1.0075219
p.fac2[1,3]     1.0007732  1.0053782
p.fac2[2,3]     0.9994200  1.0000742
p.fac2[3,3]     1.0017114  1.0078899
p.fac2[4,3]     1.0013751  1.0028468
p.fac2[5,3]     0.9994540  1.0002586
p.fac2[6,3]     0.9999138  1.0020722
p.fac2[7,3]     1.0015859  1.0040545
p.fac2[8,3]     1.0024564  1.0115125
p.fac2[9,3]     1.0004684  1.0038296
p.fac2[10,3]    0.9994433  1.0000928
p.fac2[11,3]    1.0035492  1.0122059
p.fac2[12,3]    1.0013020  1.0063382
p.fac2[13,3]    1.0038326  1.0160593
p.fac2[14,3]    1.0032334  1.0142679
p.fac2[15,3]    1.0121309  1.0450110
p.fac2[16,3]    1.0003288  1.0032787
p.fac2[17,3]    1.0000709  1.0001383
p.fac2[18,3]    1.0038480  1.0164569
p.fac2[19,3]    1.0104610  1.0390165
p.fac2[20,3]    1.0170461  1.0593531
p.fac2[21,3]    1.0121733  1.0390311
p.fac2[22,3]    1.0018445  1.0080180
p.fac2[23,3]    1.0009415  1.0010616
p.fac2[1,4]     1.0027393  1.0101826
p.fac2[2,4]     1.0000590  1.0007624
p.fac2[3,4]     1.0012129  1.0062563
p.fac2[4,4]     1.0016508  1.0029375
p.fac2[5,4]     0.9995306  0.9999571
p.fac2[6,4]     1.0002746  1.0019475
p.fac2[7,4]     1.0002869  1.0030052
p.fac2[8,4]     1.0015922  1.0055485
p.fac2[9,4]     1.0008878  1.0034487
p.fac2[10,4]    1.0000038  1.0014888
p.fac2[11,4]    1.0038401  1.0098147
p.fac2[12,4]    1.0006556  1.0045596
p.fac2[13,4]    1.0046394  1.0140870
p.fac2[14,4]    1.0031990  1.0105224
p.fac2[15,4]    1.0080168  1.0184171
p.fac2[16,4]    0.9997925  1.0003633
p.fac2[17,4]    1.0014117  1.0074563
p.fac2[18,4]    1.0065629  1.0243043
p.fac2[19,4]    1.0046168  1.0168281
p.fac2[20,4]    1.0041899  1.0169685
p.fac2[21,4]    1.0007509  1.0019128
p.fac2[22,4]    1.0009500  1.0049811
p.fac2[23,4]    1.0005759  1.0008340
p.global[1]     1.0023862  1.0061945
p.global[2]     1.0113505  1.0344657
p.global[3]     1.0652582  1.2074564
p.global[4]     1.0277761  1.0635134
p.ind[1,1]      0.9998981  1.0012763
p.ind[2,1]      1.0001483  1.0019749
p.ind[3,1]      0.9996835  1.0001740
p.ind[4,1]      0.9995549  0.9999203
p.ind[5,1]      0.9994230  0.9996868
p.ind[6,1]      0.9995043  0.9998275
p.ind[7,1]      0.9995644  0.9999382
p.ind[8,1]      0.9993902  0.9996337
p.ind[9,1]      0.9995963  0.9999991
p.ind[10,1]     0.9996530  1.0001111
p.ind[11,1]     0.9995551  0.9999208
p.ind[12,1]     0.9994235  0.9996875
p.ind[13,1]     0.9995351  0.9998836
p.ind[14,1]     0.9992509  0.9995407
p.ind[15,1]     0.9994601  0.9997641
p.ind[16,1]     0.9991368  0.9994181
p.ind[17,1]     0.9992186  0.9995062
p.ind[18,1]     0.9991218  0.9994019
p.ind[19,1]     0.9992010  0.9994874
p.ind[20,1]     0.9991442  0.9994379
p.ind[21,1]     0.9991433  0.9994367
p.ind[22,1]     0.9991220  0.9994077
p.ind[23,1]     0.9991334  0.9994145
p.ind[24,1]     0.9991086  0.9993879
p.ind[25,1]     0.9996077  0.9999244
p.ind[26,1]     0.9991087  0.9993898
p.ind[27,1]     0.9991064  0.9993859
p.ind[28,1]     0.9991285  0.9994165
p.ind[29,1]     0.9992386  0.9995276
p.ind[30,1]     0.9991168  0.9993966
p.ind[31,1]     1.0009318  1.0055122
p.ind[32,1]     1.0008785  1.0052978
p.ind[33,1]     1.0007830  1.0048848
p.ind[34,1]     1.0006644  1.0043382
p.ind[35,1]     1.0007100  1.0045521
p.ind[36,1]     1.0007098  1.0042916
p.ind[37,1]     0.9995563  0.9999660
p.ind[38,1]     1.0042193  1.0177312
p.ind[39,1]     1.0040679  1.0170288
p.ind[40,1]     1.0028211  1.0128566
p.ind[41,1]     1.0028642  1.0126585
p.ind[42,1]     1.0028741  1.0125337
p.ind[43,1]     1.0028806  1.0123429
p.ind[44,1]     1.0028774  1.0124647
p.ind[45,1]     1.0028763  1.0124917
p.ind[46,1]     1.0028808  1.0121631
p.ind[47,1]     1.0028554  1.0127287
p.ind[48,1]     1.0010637  1.0055783
p.ind[49,1]     1.0004884  1.0034029
p.ind[50,1]     1.0006999  1.0042092
p.ind[51,1]     1.0003487  1.0028610
p.ind[52,1]     0.9998721  1.0008485
p.ind[53,1]     0.9997474  1.0001933
p.ind[54,1]     1.0022492  1.0094518
p.ind[55,1]     1.0021490  1.0091183
p.ind[56,1]     1.0021731  1.0092000
p.ind[57,1]     1.0020796  1.0088787
p.ind[58,1]     1.0018391  1.0079987
p.ind[59,1]     1.0009842  1.0049315
p.ind[60,1]     1.0006197  1.0036890
p.ind[61,1]     1.0004121  1.0029353
p.ind[62,1]     1.0003041  1.0025417
p.ind[63,1]     1.0003568  1.0027294
p.ind[64,1]     0.9991114  0.9993908
p.ind[65,1]     1.0001085  1.0009445
p.ind[66,1]     1.0001014  1.0008277
p.ind[67,1]     1.0010924  1.0051729
p.ind[68,1]     1.0001000  1.0008050
p.ind[69,1]     1.0000457  1.0020191
p.ind[70,1]     1.0001179  1.0010997
p.ind[71,1]     1.0001266  1.0012186
p.ind[72,1]     1.0001106  1.0009801
p.ind[73,1]     1.0000514  1.0020438
p.ind[74,1]     1.0000534  1.0020523
p.ind[75,1]     0.9997962  1.0012984
p.ind[76,1]     0.9997989  1.0013324
p.ind[77,1]     1.0001127  1.0010159
p.ind[78,1]     1.0000476  1.0014427
p.ind[79,1]     0.9996730  1.0004815
p.ind[80,1]     0.9994325  0.9997026
p.ind[81,1]     0.9997485  1.0015450
p.ind[82,1]     1.0003483  1.0022253
p.ind[83,1]     1.0008673  1.0039365
p.ind[84,1]     1.0004873  1.0022163
p.ind[85,1]     0.9996862  1.0004799
p.ind[86,1]     1.0004854  1.0024662
p.ind[87,1]     0.9999963  1.0009831
p.ind[88,1]     0.9995343  1.0006728
p.ind[89,1]     0.9998153  1.0007508
p.ind[90,1]     1.0003053  1.0021978
p.ind[91,1]     0.9999811  1.0006102
p.ind[92,1]     0.9999559  1.0011651
p.ind[93,1]     0.9999313  1.0008506
p.ind[94,1]     0.9997171  1.0005357
p.ind[95,1]     1.0019805  1.0085240
p.ind[96,1]     0.9998059  1.0006176
p.ind[97,1]     1.0000133  1.0018397
p.ind[98,1]     1.0000733  1.0021250
p.ind[99,1]     1.0000498  1.0011724
p.ind[100,1]    0.9991261  0.9994066
p.ind[101,1]    1.0010472  1.0044322
p.ind[102,1]    0.9998204  1.0015634
p.ind[103,1]    1.0001179  1.0010997
p.ind[104,1]    1.0001179  1.0010997
p.ind[105,1]    1.0009176  1.0029507
p.ind[106,1]    1.0006553  1.0035444
p.ind[107,1]    0.9997254  1.0005738
p.ind[108,1]    1.0000439  1.0020111
p.ind[109,1]    0.9998153  1.0007508
p.ind[110,1]    0.9997492  1.0007164
p.ind[111,1]    1.0000406  1.0019953
p.ind[112,1]    1.0000905  1.0006669
p.ind[113,1]    0.9998010  1.0005805
p.ind[114,1]    0.9997074  1.0003642
p.ind[115,1]    1.0019805  1.0085240
p.ind[116,1]    0.9997681  1.0006152
p.ind[117,1]    0.9997398  1.0005349
p.ind[118,1]    0.9996834  1.0003777
p.ind[119,1]    0.9994383  0.9997123
p.ind[120,1]    1.0006821  1.0028042
p.ind[121,1]    0.9999021  1.0007932
p.ind[122,1]    0.9998326  1.0005051
p.ind[123,1]    0.9999721  1.0006018
p.ind[124,1]    0.9997529  1.0005356
p.ind[125,1]    1.0005132  1.0025145
p.ind[126,1]    1.0006997  1.0025540
p.ind[127,1]    0.9999449  1.0005780
p.ind[128,1]    1.0002412  1.0020336
p.ind[129,1]    1.0007369  1.0026190
p.ind[130,1]    1.0014499  1.0044072
p.ind[131,1]    0.9998798  1.0005307
p.ind[132,1]    0.9997455  1.0005256
p.ind[133,1]    0.9997140  1.0004897
p.ind[134,1]    0.9996301  1.0002585
p.ind[135,1]    1.0010851  1.0045329
p.ind[136,1]    1.0009597  1.0055463
p.ind[137,1]    0.9996585  1.0003343
p.ind[138,1]    1.0012696  1.0063313
p.ind[139,1]    0.9999626  1.0009138
p.ind[140,1]    1.0001072  1.0001221
p.ind[141,1]    0.9997812  0.9997922
p.ind[142,1]    1.0005411  1.0025628
p.ind[143,1]    0.9996992  1.0004786
p.ind[144,1]    1.0004558  1.0032897
p.ind[145,1]    0.9997035  1.0004777
p.ind[146,1]    0.9998704  1.0005250
p.ind[147,1]    1.0007005  1.0042552
p.ind[148,1]    0.9997159  1.0003837
p.ind[149,1]    1.0028686  1.0126112
p.ind[150,1]    1.0028783  1.0124393
p.ind[151,1]    1.0028797  1.0123908
p.ind[152,1]    1.0003856  1.0004559
p.ind[153,1]    0.9999357  1.0015577
p.ind[154,1]    1.0000191  1.0018724
p.ind[155,1]    1.0002390  1.0016317
p.ind[156,1]    0.9995330  0.9999758
p.ind[157,1]    0.9991662  0.9994653
p.ind[158,1]    0.9992962  0.9995397
p.ind[159,1]    0.9991786  0.9994723
p.ind[160,1]    0.9991259  0.9994425
p.ind[161,1]    1.0007630  1.0045020
p.ind[162,1]    1.0004579  1.0042666
p.ind[163,1]    1.0007813  1.0026983
p.ind[164,1]    1.0010497  1.0058765
p.ind[165,1]    1.0008906  1.0052889
p.ind[166,1]    1.0002390  1.0016317
p.ind[167,1]    1.0009407  1.0054836
p.ind[168,1]    1.0004688  1.0005630
p.ind[169,1]    1.0009161  1.0053953
p.ind[170,1]    0.9997502  0.9997655
p.ind[171,1]    0.9991241  0.9994417
p.ind[172,1]    0.9991441  0.9994504
p.ind[173,1]    1.0004854  1.0024662
p.ind[174,1]    1.0007201  1.0029122
p.ind[175,1]    0.9996875  1.0012557
p.ind[176,1]    1.0009597  1.0055463
p.ind[177,1]    0.9991214  0.9994405
p.ind[178,1]    0.9991199  0.9994398
p.ind[179,1]    0.9991327  0.9994456
p.ind[180,1]    0.9991374  0.9994493
p.ind[181,1]    1.0009199  1.0054095
p.ind[182,1]    0.9999728  1.0022259
p.ind[183,1]    0.9994165  1.0003455
p.ind[184,1]    1.0004854  1.0024662
p.ind[185,1]    1.0002836  1.0017407
p.ind[186,1]    1.0028617  1.0126810
p.ind[187,1]    1.0028530  1.0127439
p.ind[188,1]    1.0001571  1.0014320
p.ind[189,1]    0.9999536  1.0021611
p.ind[190,1]    0.9997596  1.0014979
p.ind[191,1]    1.0004443  1.0042566
p.ind[192,1]    1.0004648  1.0042680
p.ind[193,1]    0.9999362  1.0021019
p.ind[194,1]    1.0008398  1.0031537
p.ind[195,1]    1.0011175  1.0059799
p.ind[196,1]    1.0012615  1.0040299
p.ind[1,2]      0.9996190  1.0004701
p.ind[2,2]      0.9996293  1.0003579
p.ind[3,2]      0.9995637  1.0004935
p.ind[4,2]      0.9995089  1.0005047
p.ind[5,2]      0.9994960  1.0005943
p.ind[6,2]      0.9994979  1.0005276
p.ind[7,2]      0.9995117  1.0005017
p.ind[8,2]      0.9995028  1.0006358
p.ind[9,2]      0.9995226  1.0004943
p.ind[10,2]     0.9995474  1.0004907
p.ind[11,2]     0.9995090  1.0005046
p.ind[12,2]     0.9994959  1.0005938
p.ind[13,2]     0.9995038  1.0005122
p.ind[14,2]     1.0030791  1.0062234
p.ind[15,2]     1.0036120  1.0071344
p.ind[16,2]     1.0025678  1.0053241
p.ind[17,2]     1.0029683  1.0060307
p.ind[18,2]     1.0024396  1.0050945
p.ind[19,2]     1.0029007  1.0059126
p.ind[20,2]     1.0015668  1.0034778
p.ind[21,2]     1.0015734  1.0034904
p.ind[22,2]     1.0017657  1.0038550
p.ind[23,2]     1.0025425  1.0052790
p.ind[24,2]     1.0022415  1.0047358
p.ind[25,2]     1.0039125  1.0076379
p.ind[26,2]     1.0019762  1.0042483
p.ind[27,2]     1.0021480  1.0045649
p.ind[28,2]     1.0016984  1.0037280
p.ind[29,2]     1.0030388  1.0061534
p.ind[30,2]     1.0023835  1.0049934
p.ind[31,2]     0.9998027  1.0006471
p.ind[32,2]     0.9997157  1.0006524
p.ind[33,2]     0.9996306  1.0007379
p.ind[34,2]     0.9995982  1.0009174
p.ind[35,2]     0.9996034  1.0008415
p.ind[36,2]     1.0031947  1.0053136
p.ind[37,2]     1.0004516  1.0029279
p.ind[38,2]     1.0069399  1.0131650
p.ind[39,2]     1.0068232  1.0122867
p.ind[40,2]     1.0076147  1.0180413
p.ind[41,2]     1.0084724  1.0202986
p.ind[42,2]     1.0087349  1.0210727
p.ind[43,2]     1.0089871  1.0219384
p.ind[44,2]     1.0088424  1.0214211
p.ind[45,2]     1.0088029  1.0212902
p.ind[46,2]     1.0091287  1.0225386
p.ind[47,2]     1.0082667  1.0197403
p.ind[48,2]     1.0000228  1.0017248
p.ind[49,2]     0.9999665  1.0018758
p.ind[50,2]     0.9999873  1.0018216
p.ind[51,2]     0.9999534  1.0019119
p.ind[52,2]     0.9999254  1.0020570
p.ind[53,2]     0.9999358  1.0021174
p.ind[54,2]     1.0020544  1.0094591
p.ind[55,2]     1.0019595  1.0093995
p.ind[56,2]     1.0019779  1.0094090
p.ind[57,2]     1.0019186  1.0093847
p.ind[58,2]     1.0018655  1.0094074
p.ind[59,2]     1.0019275  1.0092122
p.ind[60,2]     1.0018494  1.0086938
p.ind[61,2]     1.0016745  1.0080329
p.ind[62,2]     1.0014667  1.0073832
p.ind[63,2]     1.0015846  1.0077423
p.ind[64,2]     1.0023031  1.0048479
p.ind[65,2]     0.9999174  1.0020791
p.ind[66,2]     0.9999730  1.0023433
p.ind[67,2]     0.9996011  0.9998104
p.ind[68,2]     0.9999854  1.0023961
p.ind[69,2]     1.0002499  1.0027329
p.ind[70,2]     0.9998441  1.0017246
p.ind[71,2]     0.9997759  1.0014410
p.ind[72,2]     0.9999013  1.0019987
p.ind[73,2]     1.0002793  1.0028456
p.ind[74,2]     1.0002889  1.0028826
p.ind[75,2]     0.9992714  0.9993167
p.ind[76,2]     0.9992913  0.9993339
p.ind[77,2]     0.9998849  1.0019175
p.ind[78,2]     0.9993328  1.0000823
p.ind[79,2]     1.0071014  1.0123409
p.ind[80,2]     0.9994950  1.0005841
p.ind[81,2]     0.9999647  1.0011439
p.ind[82,2]     1.0022278  1.0107341
p.ind[83,2]     0.9994001  0.9994450
p.ind[84,2]     1.0009563  1.0036173
p.ind[85,2]     0.9993148  0.9995927
p.ind[86,2]     1.0021358  1.0103675
p.ind[87,2]     1.0061935  1.0112008
p.ind[88,2]     0.9994805  0.9999593
p.ind[89,2]     0.9995459  1.0005725
p.ind[90,2]     1.0004837  1.0031165
p.ind[91,2]     0.9993327  0.9996576
p.ind[92,2]     0.9994133  1.0002751
p.ind[93,2]     1.0063010  1.0113247
p.ind[94,2]     0.9990920  0.9992356
p.ind[95,2]     1.0018836  1.0093853
p.ind[96,2]     1.0065640  1.0116398
p.ind[97,2]     0.9999872  1.0017936
p.ind[98,2]     1.0003613  1.0031685
p.ind[99,2]     1.0044982  1.0079813
p.ind[100,2]    1.0024818  1.0051703
p.ind[101,2]    0.9997050  0.9997787
p.ind[102,2]    0.9994314  0.9994603
p.ind[103,2]    0.9998441  1.0017246
p.ind[104,2]    0.9998441  1.0017246
p.ind[105,2]    1.0012346  1.0035045
p.ind[106,2]    1.0009269  1.0053312
p.ind[107,2]    0.9990792  0.9992165
p.ind[108,2]    1.0002398  1.0026948
p.ind[109,2]    0.9995459  1.0005725
p.ind[110,2]    0.9990575  0.9991718
p.ind[111,2]    1.0002193  1.0026177
p.ind[112,2]    1.0000901  1.0027482
p.ind[113,2]    1.0061808  1.0096157
p.ind[114,2]    1.0069625  1.0103253
p.ind[115,2]    1.0018836  1.0093853
p.ind[116,2]    0.9995917  1.0006707
p.ind[117,2]    0.9996193  1.0007288
p.ind[118,2]    0.9996743  1.0008425
p.ind[119,2]    0.9994945  1.0005783
p.ind[120,2]    1.0020082  1.0098507
p.ind[121,2]    1.0063544  1.0113873
p.ind[122,2]    0.9992976  0.9995659
p.ind[123,2]    0.9993293  0.9996493
p.ind[124,2]    1.0067149  1.0118286
p.ind[125,2]    1.0021174  1.0102938
p.ind[126,2]    1.0011456  1.0036390
p.ind[127,2]    0.9993201  0.9996261
p.ind[128,2]    1.0023018  1.0110244
p.ind[129,2]    1.0011664  1.0036249
p.ind[130,2]    1.0128290  1.0191561
p.ind[131,2]    0.9993039  0.9995840
p.ind[132,2]    1.0067394  1.0118599
p.ind[133,2]    1.0068589  1.0120144
p.ind[134,2]    0.9992488  0.9994369
p.ind[135,2]    0.9997836  0.9998753
p.ind[136,2]    1.0019578  1.0070211
p.ind[137,2]    0.9991997  0.9993760
p.ind[138,2]    1.0024242  1.0063753
p.ind[139,2]    1.0062473  1.0112625
p.ind[140,2]    0.9994534  0.9998736
p.ind[141,2]    0.9994667  0.9999510
p.ind[142,2]    1.0020991  1.0102201
p.ind[143,2]    1.0069279  1.0121055
p.ind[144,2]    1.0042138  1.0072503
p.ind[145,2]    0.9993092  0.9995814
p.ind[146,2]    0.9993023  0.9995795
p.ind[147,2]    1.0032357  1.0053878
p.ind[148,2]    1.0068890  1.0102601
p.ind[149,2]    1.0085844  1.0206183
p.ind[150,2]    1.0088767  1.0215379
p.ind[151,2]    1.0089360  1.0217478
p.ind[152,2]    0.9995261  0.9999347
p.ind[153,2]    0.9996517  1.0007010
p.ind[154,2]    1.0000374  1.0019652
p.ind[155,2]    1.0035881  1.0070388
p.ind[156,2]    1.0084321  1.0115129
p.ind[157,2]    0.9995380  1.0007822
p.ind[158,2]    0.9997065  1.0011101
p.ind[159,2]    0.9995550  1.0008193
p.ind[160,2]    0.9994116  1.0004304
p.ind[161,2]    1.0029497  1.0048769
p.ind[162,2]    1.0044944  1.0073034
p.ind[163,2]    1.0011879  1.0036030
p.ind[164,2]    1.0004185  1.0011226
p.ind[165,2]    1.0018396  1.0073442
p.ind[166,2]    1.0035881  1.0070388
p.ind[167,2]    1.0019282  1.0070981
p.ind[168,2]    0.9995616  0.9999729
p.ind[169,2]    1.0018877  1.0072098
p.ind[170,2]    0.9994744  0.9999684
p.ind[171,2]    0.9994158  1.0004453
p.ind[172,2]    0.9993824  1.0003264
p.ind[173,2]    1.0021358  1.0103675
p.ind[174,2]    1.0152478  1.0212489
p.ind[175,2]    1.0017265  1.0083462
p.ind[176,2]    1.0019578  1.0070211
p.ind[177,2]    0.9994245  1.0004749
p.ind[178,2]    0.9994335  1.0005048
p.ind[179,2]    0.9993991  1.0003860
p.ind[180,2]    0.9994936  1.0006775
p.ind[181,2]    1.0018942  1.0071917
p.ind[182,2]    1.0016283  1.0075640
p.ind[183,2]    1.0029683  1.0134358
p.ind[184,2]    1.0021358  1.0103675
p.ind[185,2]    1.0034102  1.0068492
p.ind[186,2]    1.0084124  1.0201324
p.ind[187,2]    1.0082140  1.0196018
p.ind[188,2]    1.0039493  1.0074182
p.ind[189,2]    1.0016921  1.0078075
p.ind[190,2]    1.0017882  1.0084535
p.ind[191,2]    1.0037491  1.0060193
p.ind[192,2]    1.0048915  1.0079987
p.ind[193,2]    1.0017348  1.0079798
p.ind[194,2]    1.0147473  1.0206488
p.ind[195,2]    1.0021897  1.0065847
p.ind[196,2]    1.0132851  1.0191182
p.ind[1,3]      1.0000096  1.0001111
p.ind[2,3]      1.0001542  1.0004609
p.ind[3,3]      1.0004743  1.0038633
p.ind[4,3]      1.0004616  1.0037898
p.ind[5,3]      1.0004207  1.0035811
p.ind[6,3]      1.0004516  1.0037345
p.ind[7,3]      1.0004631  1.0037981
p.ind[8,3]      1.0003982  1.0034775
p.ind[9,3]      1.0004671  1.0038218
p.ind[10,3]     1.0004722  1.0038519
p.ind[11,3]     1.0004617  1.0037901
p.ind[12,3]     1.0004210  1.0035822
p.ind[13,3]     1.0004583  1.0037707
p.ind[14,3]     1.0011980  1.0059214
p.ind[15,3]     1.0010283  1.0051673
p.ind[16,3]     1.0013704  1.0065971
p.ind[17,3]     1.0012345  1.0060713
p.ind[18,3]     1.0014153  1.0067610
p.ind[19,3]     1.0012571  1.0061617
p.ind[20,3]     1.0017443  1.0078403
p.ind[21,3]     1.0017416  1.0078322
p.ind[22,3]     1.0016647  1.0075978
p.ind[23,3]     1.0013792  1.0066296
p.ind[24,3]     1.0014860  1.0070107
p.ind[25,3]     1.0009379  1.0047107
p.ind[26,3]     1.0015839  1.0073398
p.ind[27,3]     1.0015200  1.0071274
p.ind[28,3]     1.0016912  1.0076799
p.ind[29,3]     1.0012112  1.0059762
p.ind[30,3]     1.0014351  1.0068321
p.ind[31,3]     1.0000571  1.0007930
p.ind[32,3]     1.0000496  1.0007174
p.ind[33,3]     1.0000315  1.0005911
p.ind[34,3]     1.0000097  1.0004491
p.ind[35,3]     1.0000175  1.0005017
p.ind[36,3]     0.9996009  1.0010383
p.ind[37,3]     1.0005025  1.0005588
p.ind[38,3]     1.0038164  1.0164691
p.ind[39,3]     1.0036655  1.0158829
p.ind[40,3]     1.0117810  1.0421432
p.ind[41,3]     1.0113063  1.0412614
p.ind[42,3]     1.0110598  1.0406397
p.ind[43,3]     1.0107027  1.0396858
p.ind[44,3]     1.0109281  1.0402936
p.ind[45,3]     1.0109793  1.0404291
p.ind[46,3]     1.0103842  1.0388003
p.ind[47,3]     1.0114520  1.0416033
p.ind[48,3]     1.0140995  1.0517220
p.ind[49,3]     1.0130424  1.0478400
p.ind[50,3]     1.0134650  1.0494033
p.ind[51,3]     1.0127270  1.0466683
p.ind[52,3]     1.0110517  1.0404517
p.ind[53,3]     1.0099024  1.0362534
p.ind[54,3]     1.0116872  1.0397890
p.ind[55,3]     1.0114935  1.0396190
p.ind[56,3]     1.0115412  1.0396685
p.ind[57,3]     1.0113529  1.0394486
p.ind[58,3]     1.0108274  1.0385643
p.ind[59,3]     1.0089277  1.0333195
p.ind[60,3]     1.0080435  1.0300090
p.ind[61,3]     1.0073518  1.0270119
p.ind[62,3]     1.0068206  1.0244778
p.ind[63,3]     1.0071037  1.0258499
p.ind[64,3]     1.0014638  1.0069335
p.ind[65,3]     1.0013606  1.0069270
p.ind[66,3]     1.0011386  1.0063495
p.ind[67,3]     0.9992106  0.9995758
p.ind[68,3]     1.0010951  1.0062302
p.ind[69,3]     1.0016530  1.0031007
p.ind[70,3]     1.0016641  1.0076365
p.ind[71,3]     1.0019140  1.0081577
p.ind[72,3]     1.0014289  1.0070945
p.ind[73,3]     1.0015715  1.0030266
p.ind[74,3]     1.0015443  1.0030018
p.ind[75,3]     1.0027887  1.0126448
p.ind[76,3]     1.0028110  1.0127153
p.ind[77,3]     1.0014982  1.0072597
p.ind[78,3]     1.0001317  1.0028224
p.ind[79,3]     0.9995139  1.0003296
p.ind[80,3]     1.0004258  1.0036052
p.ind[81,3]     1.0010984  1.0056461
p.ind[82,3]     1.0002596  1.0035569
p.ind[83,3]     1.0002169  1.0033930
p.ind[84,3]     1.0018907  1.0050836
p.ind[85,3]     1.0023957  1.0106914
p.ind[86,3]     1.0001904  1.0033037
p.ind[87,3]     0.9993154  0.9997577
p.ind[88,3]     1.0019924  1.0089925
p.ind[89,3]     1.0002433  1.0030395
p.ind[90,3]     1.0015633  1.0039896
p.ind[91,3]     1.0026724  1.0119916
p.ind[92,3]     1.0001682  1.0028753
p.ind[93,3]     0.9993312  0.9998124
p.ind[94,3]     1.0017350  1.0088318
p.ind[95,3]     1.0111425  1.0391363
p.ind[96,3]     0.9993794  0.9999598
p.ind[97,3]     1.0022114  1.0035624
p.ind[98,3]     1.0013298  1.0028054
p.ind[99,3]     0.9992111  0.9996521
p.ind[100,3]    1.0014004  1.0067072
p.ind[101,3]    1.0003083  1.0035851
p.ind[102,3]    1.0029333  1.0130791
p.ind[103,3]    1.0016641  1.0076365
p.ind[104,3]    1.0016641  1.0076365
p.ind[105,3]    1.0018223  1.0054204
p.ind[106,3]    1.0000735  1.0019159
p.ind[107,3]    1.0018232  1.0091637
p.ind[108,3]    1.0016801  1.0031253
p.ind[109,3]    1.0002433  1.0030395
p.ind[110,3]    1.0021137  1.0102545
p.ind[111,3]    1.0017341  1.0031738
p.ind[112,3]    1.0008175  1.0054232
p.ind[113,3]    0.9992063  0.9997575
p.ind[114,3]    0.9992323  0.9998426
p.ind[115,3]    1.0111425  1.0391363
p.ind[116,3]    1.0002743  1.0031213
p.ind[117,3]    1.0002945  1.0031778
p.ind[118,3]    1.0003387  1.0033089
p.ind[119,3]    1.0004287  1.0036189
p.ind[120,3]    1.0001034  1.0029804
p.ind[121,3]    0.9993399  0.9998407
p.ind[122,3]    1.0025627  1.0114546
p.ind[123,3]    1.0026670  1.0119641
p.ind[124,3]    0.9994126  1.0000537
p.ind[125,3]    1.0001773  1.0032554
p.ind[126,3]    1.0019070  1.0053679
p.ind[127,3]    1.0026497  1.0118769
p.ind[128,3]    1.0003195  1.0037740
p.ind[129,3]    1.0018988  1.0053909
p.ind[130,3]    1.0110533  1.0388116
p.ind[131,3]    1.0026026  1.0116453
p.ind[132,3]    0.9994183  1.0000696
p.ind[133,3]    0.9994477  1.0001501
p.ind[134,3]    1.0009735  1.0060038
p.ind[135,3]    1.0003279  1.0036212
p.ind[136,3]    1.0006417  1.0007214
p.ind[137,3]    1.0011997  1.0068341
p.ind[138,3]    1.0006329  1.0013914
p.ind[139,3]    0.9993230  0.9997847
p.ind[140,3]    1.0075880  1.0246706
p.ind[141,3]    1.0070336  1.0237441
p.ind[142,3]    1.0001644  1.0032078
p.ind[143,3]    0.9994657  1.0001989
p.ind[144,3]    0.9996531  1.0012683
p.ind[145,3]    1.0024201  1.0108001
p.ind[146,3]    1.0025951  1.0116089
p.ind[147,3]    0.9995968  1.0010406
p.ind[148,3]    0.9992288  0.9998331
p.ind[149,3]    1.0112115  1.0410270
p.ind[150,3]    1.0108805  1.0401669
p.ind[151,3]    1.0107903  1.0399243
p.ind[152,3]    1.0080206  1.0253499
p.ind[153,3]    1.0023587  1.0034152
p.ind[154,3]    1.0021308  1.0035068
p.ind[155,3]    0.9992350  0.9996195
p.ind[156,3]    0.9993958  1.0001624
p.ind[157,3]    1.0031490  1.0118686
p.ind[158,3]    1.0033957  1.0124299
p.ind[159,3]    1.0031863  1.0119734
p.ind[160,3]    1.0026160  1.0099418
p.ind[161,3]    0.9996300  1.0010305
p.ind[162,3]    1.0027850  1.0109293
p.ind[163,3]    1.0018855  1.0054105
p.ind[164,3]    1.0000246  1.0010043
p.ind[165,3]    1.0007482  1.0007490
p.ind[166,3]    0.9992350  0.9996195
p.ind[167,3]    1.0006584  1.0007055
p.ind[168,3]    1.0081466  1.0255422
p.ind[169,3]    1.0006907  1.0007043
p.ind[170,3]    1.0069757  1.0236429
p.ind[171,3]    1.0026456  1.0100624
p.ind[172,3]    1.0023908  1.0090048
p.ind[173,3]    1.0001904  1.0033037
p.ind[174,3]    1.0102624  1.0315948
p.ind[175,3]    1.0001261  1.0025328
p.ind[176,3]    1.0006417  1.0007214
p.ind[177,3]    1.0027029  1.0102938
p.ind[178,3]    1.0027581  1.0105121
p.ind[179,3]    1.0025236  1.0095601
p.ind[180,3]    1.0030262  1.0114877
p.ind[181,3]    1.0006847  1.0007025
p.ind[182,3]    0.9998897  1.0019932
p.ind[183,3]    1.0011459  1.0066660
p.ind[184,3]    1.0001904  1.0033037
p.ind[185,3]    0.9992408  0.9996141
p.ind[186,3]    1.0113522  1.0413718
p.ind[187,3]    1.0114846  1.0416758
p.ind[188,3]    0.9992243  0.9996312
p.ind[189,3]    0.9998933  1.0019981
p.ind[190,3]    1.0000450  1.0023465
p.ind[191,3]    1.0029614  1.0110236
p.ind[192,3]    1.0027091  1.0109015
p.ind[193,3]    0.9998995  1.0020108
p.ind[194,3]    1.0104310  1.0323785
p.ind[195,3]    1.0006076  1.0010243
p.ind[196,3]    1.0108001  1.0356801
p.ind[1,4]      1.0009455  1.0037805
p.ind[2,4]      1.0005869  1.0030419
p.ind[3,4]      1.0008454  1.0032880
p.ind[4,4]      1.0009250  1.0035850
p.ind[5,4]      1.0010663  1.0040448
p.ind[6,4]      1.0009681  1.0037349
p.ind[7,4]      1.0009179  1.0035593
p.ind[8,4]      1.0011232  1.0042084
p.ind[9,4]      1.0008958  1.0034784
p.ind[10,4]     1.0008618  1.0033504
p.ind[11,4]     1.0009248  1.0035842
p.ind[12,4]     1.0010656  1.0040428
p.ind[13,4]     1.0009407  1.0036405
p.ind[14,4]     1.0007701  1.0049899
p.ind[15,4]     1.0009673  1.0056551
p.ind[16,4]     1.0005826  1.0042725
p.ind[17,4]     1.0007294  1.0048399
p.ind[18,4]     1.0005358  1.0040840
p.ind[19,4]     1.0007045  1.0047468
p.ind[20,4]     1.0002201  1.0027463
p.ind[21,4]     1.0002224  1.0027566
p.ind[22,4]     1.0002913  1.0030563
p.ind[23,4]     1.0005733  1.0042356
p.ind[24,4]     1.0004636  1.0037873
p.ind[25,4]     1.0010797  1.0059779
p.ind[26,4]     1.0003673  1.0033823
p.ind[27,4]     1.0004296  1.0036454
p.ind[28,4]     1.0002672  1.0029516
p.ind[29,4]     1.0007553  1.0049357
p.ind[30,4]     1.0005153  1.0040006
p.ind[31,4]     0.9996493  1.0013385
p.ind[32,4]     0.9997885  1.0018812
p.ind[33,4]     1.0000549  1.0028775
p.ind[34,4]     1.0003845  1.0040695
p.ind[35,4]     1.0002594  1.0036214
p.ind[36,4]     1.0005506  1.0040030
p.ind[37,4]     1.0016470  1.0078735
p.ind[38,4]     1.0033204  1.0132783
p.ind[39,4]     1.0027965  1.0113476
p.ind[40,4]     1.0028186  1.0102546
p.ind[41,4]     1.0038466  1.0141151
p.ind[42,4]     1.0041332  1.0151577
p.ind[43,4]     1.0044472  1.0162591
p.ind[44,4]     1.0042599  1.0156083
p.ind[45,4]     1.0042124  1.0154402
p.ind[46,4]     1.0046654  1.0169864
p.ind[47,4]     1.0036311  1.0133157
p.ind[48,4]     1.0055462  1.0213315
p.ind[49,4]     1.0054042  1.0207183
p.ind[50,4]     1.0054793  1.0210232
p.ind[51,4]     1.0053360  1.0204502
p.ind[52,4]     1.0048597  1.0186393
p.ind[53,4]     1.0044736  1.0171779
p.ind[54,4]     1.0032035  1.0070921
p.ind[55,4]     1.0036373  1.0082619
p.ind[56,4]     1.0035402  1.0079891
p.ind[57,4]     1.0038937  1.0090190
p.ind[58,4]     1.0045512  1.0113417
p.ind[59,4]     1.0049671  1.0154036
p.ind[60,4]     1.0046794  1.0156797
p.ind[61,4]     1.0043355  1.0153214
p.ind[62,4]     1.0040178  1.0147308
p.ind[63,4]     1.0041918  1.0150774
p.ind[64,4]     1.0004860  1.0038803
p.ind[65,4]     1.0007459  1.0043449
p.ind[66,4]     1.0006545  1.0040097
p.ind[67,4]     1.0003723  1.0023547
p.ind[68,4]     1.0006374  1.0039417
p.ind[69,4]     1.0018135  1.0029754
p.ind[70,4]     1.0008746  1.0047607
p.ind[71,4]     1.0009784  1.0050605
p.ind[72,4]     1.0007748  1.0044432
p.ind[73,4]     1.0017655  1.0029604
p.ind[74,4]     1.0017496  1.0029561
p.ind[75,4]     1.0015359  1.0055486
p.ind[76,4]     1.0015314  1.0055432
p.ind[77,4]     1.0008042  1.0045402
p.ind[78,4]     0.9998057  1.0007625
p.ind[79,4]     1.0004306  1.0014939
p.ind[80,4]     1.0010522  1.0040026
p.ind[81,4]     1.0013391  1.0059124
p.ind[82,4]     1.0025129  1.0084256
p.ind[83,4]     1.0007642  1.0035983
p.ind[84,4]     1.0006839  1.0043035
p.ind[85,4]     1.0011737  1.0069304
p.ind[86,4]     1.0024648  1.0081104
p.ind[87,4]     0.9996242  0.9999964
p.ind[88,4]     1.0011666  1.0064619
p.ind[89,4]     0.9997782  1.0004438
p.ind[90,4]     1.0002653  1.0029304
p.ind[91,4]     1.0014121  1.0076652
p.ind[92,4]     0.9997865  1.0006121
p.ind[93,4]     0.9996973  1.0001137
p.ind[94,4]     1.0016345  1.0051880
p.ind[95,4]     1.0042065  1.0100352
p.ind[96,4]     0.9998987  1.0004640
p.ind[97,4]     1.0021452  1.0031332
p.ind[98,4]     1.0016246  1.0029353
p.ind[99,4]     0.9995998  1.0005966
p.ind[100,4]    1.0005512  1.0041464
p.ind[101,4]    1.0012249  1.0045739
p.ind[102,4]    1.0015066  1.0054975
p.ind[103,4]    1.0008746  1.0047607
p.ind[104,4]    1.0008746  1.0047607
p.ind[105,4]    1.0010191  1.0051914
p.ind[106,4]    1.0011305  1.0044689
p.ind[107,4]    1.0016346  1.0052512
p.ind[108,4]    1.0018295  1.0029810
p.ind[109,4]    0.9997782  1.0004438
p.ind[110,4]    1.0016254  1.0054260
p.ind[111,4]    1.0018614  1.0029929
p.ind[112,4]    1.0005394  1.0035015
p.ind[113,4]    0.9995618  1.0003204
p.ind[114,4]    0.9995496  1.0002091
p.ind[115,4]    1.0042065  1.0100352
p.ind[116,4]    0.9997813  1.0004047
p.ind[117,4]    0.9997847  1.0003858
p.ind[118,4]    0.9997952  1.0003588
p.ind[119,4]    1.0010440  1.0039778
p.ind[120,4]    1.0023942  1.0076758
p.ind[121,4]    0.9997356  1.0001776
p.ind[122,4]    1.0012617  1.0072832
p.ind[123,4]    1.0014011  1.0076409
p.ind[124,4]    1.0000300  1.0007074
p.ind[125,4]    1.0024550  1.0080478
p.ind[126,4]    1.0008691  1.0048385
p.ind[127,4]    1.0013693  1.0075681
p.ind[128,4]    1.0025497  1.0086797
p.ind[129,4]    1.0008960  1.0049087
p.ind[130,4]    1.0079584  1.0122423
p.ind[131,4]    1.0013025  1.0074004
p.ind[132,4]    1.0000525  1.0007500
p.ind[133,4]    1.0001674  1.0009709
p.ind[134,4]    1.0015878  1.0044962
p.ind[135,4]    1.0013330  1.0047935
p.ind[136,4]    1.0002597  1.0003574
p.ind[137,4]    1.0016090  1.0047252
p.ind[138,4]    1.0003074  1.0008025
p.ind[139,4]    0.9996602  1.0000533
p.ind[140,4]    1.0008509  1.0055989
p.ind[141,4]    1.0011196  1.0063836
p.ind[142,4]    1.0024451  1.0079854
p.ind[143,4]    1.0002379  1.0011090
p.ind[144,4]    1.0010769  1.0057100
p.ind[145,4]    1.0011810  1.0069724
p.ind[146,4]    1.0012939  1.0073767
p.ind[147,4]    1.0005687  1.0040689
p.ind[148,4]    0.9995506  1.0002193
p.ind[149,4]    1.0039662  1.0145535
p.ind[150,4]    1.0043022  1.0157571
p.ind[151,4]    1.0043782  1.0160217
p.ind[152,4]    1.0007309  1.0051917
p.ind[153,4]    1.0022566  1.0031195
p.ind[154,4]    1.0020969  1.0031069
p.ind[155,4]    0.9996305  1.0007837
p.ind[156,4]    0.9995328  0.9999965
p.ind[157,4]    1.0044820  1.0123962
p.ind[158,4]    1.0044177  1.0117466
p.ind[159,4]    1.0044865  1.0123402
p.ind[160,4]    1.0041731  1.0123720
p.ind[161,4]    1.0004451  1.0036142
p.ind[162,4]    1.0005089  1.0037345
p.ind[163,4]    1.0009272  1.0049866
p.ind[164,4]    0.9994850  1.0004531
p.ind[165,4]    1.0003621  1.0004648
p.ind[166,4]    0.9996305  1.0007837
p.ind[167,4]    1.0002739  1.0003610
p.ind[168,4]    1.0007073  1.0051009
p.ind[169,4]    1.0003040  1.0003873
p.ind[170,4]    1.0011569  1.0064853
p.ind[171,4]    1.0041976  1.0124023
p.ind[172,4]    1.0039744  1.0120717
p.ind[173,4]    1.0024648  1.0081104
p.ind[174,4]    1.0105315  1.0112680
p.ind[175,4]    0.9994243  1.0000298
p.ind[176,4]    1.0002597  1.0003574
p.ind[177,4]    1.0042437  1.0124537
p.ind[178,4]    1.0042858  1.0124932
p.ind[179,4]    1.0040937  1.0122625
p.ind[180,4]    1.0044456  1.0125122
p.ind[181,4]    1.0002982  1.0003811
p.ind[182,4]    1.0000322  1.0013918
p.ind[183,4]    1.0028314  1.0110335
p.ind[184,4]    1.0024648  1.0081104
p.ind[185,4]    0.9996377  1.0008249
p.ind[186,4]    1.0037835  1.0138822
p.ind[187,4]    1.0035757  1.0131089
p.ind[188,4]    0.9996171  1.0007051
p.ind[189,4]    0.9999662  1.0012409
p.ind[190,4]    0.9995244  1.0002513
p.ind[191,4]    1.0003865  1.0033384
p.ind[192,4]    1.0005740  1.0039470
p.ind[193,4]    0.9999110  1.0011155
p.ind[194,4]    1.0100552  1.0108070
p.ind[195,4]    1.0002529  1.0005294
p.ind[196,4]    1.0085766  1.0104620

################################################################################
# Geweke Diagnostic
################################################################################

The Geweke diagnostic is a standard z-score, so we'd expect 5% to be outside +/-1.96
Number of variables outside +/-1.96 in each chain (out of 
1189
):


       Chain 1 Chain 2 Chain 3
Geweke      52     125      48


And here are the Geweke diagnostics for all variables:

               chain1 chain2 chain3
deviance       -0.867 -0.477 -0.433
fac1.sig       -0.775 -2.577  1.265
fac2.sig        1.609 -0.406 -0.403
ilr.cont1[1]   -0.843 -1.256  1.081
ilr.cont1[2]    0.220  0.408 -0.743
ilr.cont1[3]   -1.168  1.004 -1.280
ilr.fac1[1,1]  -0.065 -0.883  0.912
ilr.fac1[2,1]   0.159  1.131  1.737
ilr.fac1[3,1]  -0.165 -2.347  2.184
ilr.fac1[4,1]  -0.018 -0.533 -0.137
ilr.fac1[5,1]   0.900 -0.200 -0.300
ilr.fac1[1,2]   2.587  1.364 -1.103
ilr.fac1[2,2]   1.551  0.469  0.048
ilr.fac1[3,2]  -0.453 -2.728  1.350
ilr.fac1[4,2]   0.913 -0.844  0.981
ilr.fac1[5,2]   1.018  2.911 -1.319
ilr.fac1[1,3]  -1.369 -0.410  0.614
ilr.fac1[2,3]   2.461  2.313 -2.581
ilr.fac1[3,3]   0.292 -2.724 -0.652
ilr.fac1[4,3]   0.041  1.718 -0.163
ilr.fac1[5,3]   0.884  2.984 -1.688
ilr.fac2[1,1]  -1.394  1.652 -0.271
ilr.fac2[2,1]   0.353  2.419  0.549
ilr.fac2[3,1]   1.271 -0.664 -0.753
ilr.fac2[4,1]   0.647 -0.232 -0.537
ilr.fac2[5,1]   0.390  0.504  0.998
ilr.fac2[6,1]  -0.267  1.597  0.881
ilr.fac2[7,1]   0.990 -1.529 -1.578
ilr.fac2[8,1]   0.172  0.163 -0.267
ilr.fac2[9,1]   0.643 -0.223  1.628
ilr.fac2[10,1] -0.639 -0.260  1.130
ilr.fac2[11,1] -0.600  0.039 -0.313
ilr.fac2[12,1] -0.216 -0.338 -1.417
ilr.fac2[13,1]  0.768  3.047 -0.891
ilr.fac2[14,1] -0.228  0.828 -1.277
ilr.fac2[15,1] -1.563  0.127  0.411
ilr.fac2[16,1] -0.994  1.749 -2.357
ilr.fac2[17,1]  0.208  0.824 -1.529
ilr.fac2[18,1] -0.058 -0.220 -0.427
ilr.fac2[19,1] -0.321  0.207 -1.570
ilr.fac2[20,1]  0.026  0.494  1.143
ilr.fac2[21,1]  0.891  0.474  1.444
ilr.fac2[22,1]  1.618  0.325 -0.977
ilr.fac2[23,1]  0.004  1.341 -1.612
ilr.fac2[1,2]   2.353  1.318  1.091
ilr.fac2[2,2]  -0.141 -0.827 -0.367
ilr.fac2[3,2]  -0.308  0.963  1.287
ilr.fac2[4,2]  -0.792  1.951  1.389
ilr.fac2[5,2]  -1.116  0.374 -2.362
ilr.fac2[6,2]  -0.461  0.011 -0.412
ilr.fac2[7,2]   0.133  0.063  0.657
ilr.fac2[8,2]  -0.413  1.537  1.639
ilr.fac2[9,2]  -0.683  0.293  0.559
ilr.fac2[10,2]  2.121  1.804  0.557
ilr.fac2[11,2] -0.030  0.507  1.185
ilr.fac2[12,2] -0.567  0.295 -0.174
ilr.fac2[13,2]  2.015  1.164  0.204
ilr.fac2[14,2]  0.917 -1.690 -0.015
ilr.fac2[15,2] -0.522  0.445 -0.511
ilr.fac2[16,2]  1.071  0.341  1.575
ilr.fac2[17,2]  1.295  0.544 -0.233
ilr.fac2[18,2]  0.571 -0.332 -0.728
ilr.fac2[19,2]  2.075 -0.839  1.982
ilr.fac2[20,2]  2.731  1.345 -1.062
ilr.fac2[21,2]  1.868  2.233 -2.306
ilr.fac2[22,2] -2.742 -1.626  1.204
ilr.fac2[23,2] -0.703  1.693  0.182
ilr.fac2[1,3]   0.758 -1.096 -0.625
ilr.fac2[2,3]  -0.249  0.003  0.476
ilr.fac2[3,3]   0.527  1.908 -0.336
ilr.fac2[4,3]  -1.407  1.553 -0.042
ilr.fac2[5,3]   1.235 -0.566  1.763
ilr.fac2[6,3]  -0.674 -1.734 -0.456
ilr.fac2[7,3]  -1.160  0.179 -1.052
ilr.fac2[8,3]   0.085  1.321 -0.896
ilr.fac2[9,3]   0.176  0.324 -1.371
ilr.fac2[10,3]  0.406 -0.789 -1.053
ilr.fac2[11,3]  0.188  1.149  0.162
ilr.fac2[12,3]  0.311  0.389  0.093
ilr.fac2[13,3]  2.135  1.876 -0.209
ilr.fac2[14,3] -1.585  0.770  1.672
ilr.fac2[15,3] -2.648 -2.475  1.238
ilr.fac2[16,3]  0.024 -0.612  0.852
ilr.fac2[17,3] -0.317 -0.500  0.522
ilr.fac2[18,3] -1.144 -0.765  1.610
ilr.fac2[19,3] -2.331 -0.162  1.925
ilr.fac2[20,3] -1.125 -0.506  0.046
ilr.fac2[21,3] -1.451 -0.806  0.709
ilr.fac2[22,3] -1.375 -0.190 -1.967
ilr.fac2[23,3] -1.204  0.836  0.099
ilr.global[1]  -0.482  0.732  0.349
ilr.global[2]  -2.052 -1.871 -0.421
ilr.global[3]   1.470 -0.259 -0.784
loglik[1]       1.795 -0.411  0.176
loglik[2]       2.348 -1.162 -0.782
loglik[3]      -0.690  0.349  0.240
loglik[4]      -0.326  0.614 -0.796
loglik[5]      -0.872 -1.386  0.646
loglik[6]      -0.681 -1.224 -0.325
loglik[7]      -0.855 -1.036  0.488
loglik[8]      -0.851 -0.956  0.363
loglik[9]      -0.613 -2.086  1.793
loglik[10]     -0.152  1.325 -2.645
loglik[11]     -0.128  1.688 -1.687
loglik[12]      0.304  2.373 -2.459
loglik[13]     -0.421 -2.034  1.701
loglik[14]      0.911 -0.179 -0.080
loglik[15]     -0.854  0.238  2.435
loglik[16]     -0.981  0.489  2.192
loglik[17]     -0.567  0.213  1.007
loglik[18]      0.019  0.381  1.302
loglik[19]      0.150  0.646  1.930
loglik[20]     -0.700  0.383  1.335
loglik[21]     -0.185 -0.519  0.566
loglik[22]     -0.685  0.942  1.710
loglik[23]     -1.088  0.183  1.043
loglik[24]     -0.957  0.652  1.507
loglik[25]      0.711  1.134  1.908
loglik[26]     -0.729  0.355  1.847
loglik[27]     -0.367  0.457  1.752
loglik[28]     -0.295  0.900  1.498
loglik[29]     -0.388  0.551  1.729
loglik[30]     -0.016  0.215  1.483
loglik[31]     -1.831 -1.196  0.376
loglik[32]     -1.036 -0.472  1.180
loglik[33]     -1.441 -0.134 -0.824
loglik[34]     -1.685  0.052 -0.634
loglik[35]      0.860 -0.295  1.048
loglik[36]     -2.819  0.003 -0.395
loglik[37]      2.391  1.200  0.494
loglik[38]     -0.764  0.891 -0.313
loglik[39]      0.810  0.564 -0.285
loglik[40]      0.162 -0.240  0.182
loglik[41]      0.035  0.210  0.411
loglik[42]     -0.352 -0.681  0.088
loglik[43]      0.198  0.558  0.186
loglik[44]      1.193  1.344  0.234
loglik[45]      0.824  1.054  0.421
loglik[46]      0.765  1.332  0.333
loglik[47]     -0.491 -1.287 -0.295
loglik[48]     -1.303 -2.057  1.015
loglik[49]     -0.558  1.003 -0.669
loglik[50]     -0.397  1.233 -0.239
loglik[51]     -0.593  1.575 -0.735
loglik[52]     -1.738 -0.639  1.492
loglik[53]     -0.736  0.102  0.575
loglik[54]      0.326 -0.268  0.739
loglik[55]     -0.220 -0.677  0.402
loglik[56]      0.109 -0.124  0.261
loglik[57]     -0.759 -0.817  0.134
loglik[58]      0.820  1.035  0.385
loglik[59]     -0.642  0.087  1.391
loglik[60]      1.397  0.855  0.696
loglik[61]     -0.664 -1.275  1.657
loglik[62]      0.597 -0.358  0.962
loglik[63]      0.805  0.554  0.050
loglik[64]     -0.252 -1.085 -1.161
loglik[65]     -0.494 -0.096 -1.938
loglik[66]     -1.011 -0.636 -0.653
loglik[67]     -0.079  0.838 -1.148
loglik[68]     -0.001 -1.359  0.673
loglik[69]     -0.492  2.516 -0.180
loglik[70]      1.475  1.419  0.397
loglik[71]      1.326  1.411 -0.270
loglik[72]      1.501  1.660 -0.058
loglik[73]     -1.092 -0.572 -0.059
loglik[74]      0.096 -2.341 -0.187
loglik[75]      0.247  0.820 -0.550
loglik[76]     -0.327  0.745  1.018
loglik[77]      0.625  1.284 -1.613
loglik[78]     -0.418 -0.231 -0.775
loglik[79]      0.154 -0.326  1.765
loglik[80]      0.547  2.562 -2.104
loglik[81]      0.789 -0.653  0.311
loglik[82]      0.874 -0.155 -1.171
loglik[83]     -0.748 -0.423 -0.125
loglik[84]     -2.053 -1.145 -0.563
loglik[85]     -0.124  0.494  0.276
loglik[86]      0.279  0.020 -1.022
loglik[87]     -1.134 -0.461 -1.867
loglik[88]      0.165  0.846  0.175
loglik[89]     -0.221  0.032  1.082
loglik[90]      1.534  0.123 -0.009
loglik[91]     -0.844  2.142 -0.481
loglik[92]     -0.222 -0.392 -0.520
loglik[93]     -1.346 -0.940 -1.185
loglik[94]     -0.349  0.540  0.880
loglik[95]     -0.034 -0.063 -0.344
loglik[96]      0.613  0.505  1.147
loglik[97]     -1.193  1.879 -0.648
loglik[98]     -1.122 -0.381 -0.133
loglik[99]     -0.620 -0.967  1.146
loglik[100]     0.121 -0.593 -1.470
loglik[101]    -0.909 -1.156 -0.475
loglik[102]    -0.469  0.378  1.659
loglik[103]     0.293 -1.552  0.471
loglik[104]    -0.589 -0.646  0.673
loglik[105]    -1.719 -1.179  0.239
loglik[106]     0.732  1.357  0.315
loglik[107]     0.491 -0.058 -0.931
loglik[108]    -0.099  0.409 -0.726
loglik[109]    -0.289 -0.054  1.063
loglik[110]     0.397  0.196 -1.061
loglik[111]    -0.160  2.272 -0.192
loglik[112]     1.228 -0.059 -0.780
loglik[113]     0.496  0.173 -1.473
loglik[114]     0.921 -0.454  0.318
loglik[115]     0.708  1.171  0.424
loglik[116]    -0.333 -0.004  0.932
loglik[117]    -0.422  0.033  0.563
loglik[118]    -0.369 -0.100  0.907
loglik[119]     0.692  2.395 -1.822
loglik[120]    -0.437  0.086 -1.013
loglik[121]    -0.263 -0.346 -0.613
loglik[122]     0.426  0.197  0.525
loglik[123]     0.533 -1.268  0.889
loglik[124]     0.901  1.578  0.890
loglik[125]    -0.240 -0.113 -0.954
loglik[126]    -1.588 -1.109  0.228
loglik[127]    -0.804  1.927 -0.321
loglik[128]     2.045 -0.768 -0.906
loglik[129]    -0.850 -0.415  0.425
loglik[130]     2.083  1.786  2.088
loglik[131]     0.548 -0.645  1.022
loglik[132]    -0.859 -0.358 -1.639
loglik[133]    -0.740 -0.748 -0.908
loglik[134]     0.519 -0.099 -0.010
loglik[135]     1.606  1.017  0.082
loglik[136]    -0.500 -0.567  0.707
loglik[137]     0.525 -0.011 -0.423
loglik[138]    -1.036  0.552  1.114
loglik[139]    -1.573 -1.483  0.047
loglik[140]    -2.040  0.013  0.347
loglik[141]    -1.763 -0.216  0.597
loglik[142]    -1.495  1.482  0.622
loglik[143]     0.237  0.011  0.876
loglik[144]     2.114  1.143  0.998
loglik[145]    -1.180  0.058  0.102
loglik[146]    -0.729  1.157  0.061
loglik[147]    -0.479 -0.235  0.316
loglik[148]     0.121 -0.693  0.417
loglik[149]     1.190  1.069 -0.208
loglik[150]     1.352  0.967 -0.670
loglik[151]     1.584  1.905 -0.376
loglik[152]     1.483 -0.401 -0.347
loglik[153]    -0.662  1.012 -0.031
loglik[154]    -0.094 -0.279 -0.957
loglik[155]     0.481 -0.069  0.096
loglik[156]     0.350 -0.508  0.988
loglik[157]    -0.226 -0.948  1.103
loglik[158]     0.758  0.169 -1.639
loglik[159]    -0.183 -0.107 -1.313
loglik[160]    -0.422  0.371  0.033
loglik[161]    -1.033 -2.635  0.000
loglik[162]    -0.226  0.919 -0.084
loglik[163]    -0.381 -0.268  0.443
loglik[164]     1.169 -0.536 -0.490
loglik[165]     0.966 -0.463 -0.258
loglik[166]    -0.783 -1.133  0.990
loglik[167]     0.618 -2.218  0.317
loglik[168]     0.379 -0.435 -0.169
loglik[169]    -0.324  0.611  1.884
loglik[170]     1.409  0.004 -0.031
loglik[171]     0.513 -0.977 -0.477
loglik[172]    -0.162 -0.617 -1.114
loglik[173]     1.814 -0.709 -0.700
loglik[174]    -0.303  0.719  0.042
loglik[175]     0.189 -0.424  0.566
loglik[176]    -0.035  0.505  1.787
loglik[177]     0.870 -0.149 -0.619
loglik[178]     0.473  0.116 -0.639
loglik[179]     0.256 -0.682 -1.002
loglik[180]     0.090 -0.485  0.957
loglik[181]    -0.790  0.371  1.759
loglik[182]    -0.988 -0.916 -0.460
loglik[183]    -1.577  0.647 -0.661
loglik[184]    -1.472  0.540 -0.682
loglik[185]    -1.606 -0.293 -1.144
loglik[186]     0.312  0.581 -0.146
loglik[187]     0.828  1.305 -0.369
loglik[188]    -1.595 -0.199 -1.352
loglik[189]    -0.137 -0.362  0.049
loglik[190]    -0.217  0.099 -0.561
loglik[191]     0.425  0.142 -0.387
loglik[192]     0.598  0.933 -0.731
loglik[193]    -0.469 -0.532 -0.215
loglik[194]    -1.218  1.715 -0.416
loglik[195]    -0.284 -0.589  1.479
loglik[196]    -2.394  0.008 -1.158
p.fac1[1,1]    -0.301 -0.875  0.639
p.fac1[2,1]     0.242  0.446 -0.242
p.fac1[3,1]    -1.401 -3.427  0.611
p.fac1[4,1]    -0.820 -0.448 -0.242
p.fac1[5,1]     0.009  0.609 -1.506
p.fac1[1,2]     0.324 -1.579 -1.146
p.fac1[2,2]     0.141 -2.243 -1.189
p.fac1[3,2]    -0.314 -1.888 -0.469
p.fac1[4,2]     0.017 -1.751 -0.318
p.fac1[5,2]    -0.091 -1.064 -1.258
p.fac1[1,3]     0.636  1.914  1.664
p.fac1[2,3]     2.682  1.988 -0.816
p.fac1[3,3]     3.424  2.044 -0.625
p.fac1[4,3]     1.687  2.861 -0.219
p.fac1[5,3]     3.432  1.063  0.341
p.fac1[1,4]    -0.469  1.134 -0.202
p.fac1[2,4]    -2.513 -0.330  2.063
p.fac1[3,4]    -0.852  3.551  0.422
p.fac1[4,4]    -0.680 -0.246  0.917
p.fac1[5,4]    -3.088 -0.578  1.515
p.fac2[1,1]    -0.632  0.755  1.189
p.fac2[2,1]    -0.230  0.720  1.047
p.fac2[3,1]    -0.139 -0.096  1.055
p.fac2[4,1]    -0.795  0.354  0.717
p.fac2[5,1]     0.568 -0.708  1.148
p.fac2[6,1]    -0.943 -0.021  1.270
p.fac2[7,1]    -0.355 -1.684 -1.495
p.fac2[8,1]    -0.461  0.395  0.431
p.fac2[9,1]    -0.580 -0.740  1.217
p.fac2[10,1]   -0.215 -0.461  1.314
p.fac2[11,1]   -0.593  0.441  0.815
p.fac2[12,1]   -0.552 -0.365  0.250
p.fac2[13,1]   -0.001  0.998  0.403
p.fac2[14,1]   -0.536  0.340 -0.658
p.fac2[15,1]   -0.879 -0.482 -0.307
p.fac2[16,1]   -0.812  0.458  0.378
p.fac2[17,1]   -0.062  0.034  0.333
p.fac2[18,1]   -0.108 -0.048 -1.307
p.fac2[19,1]    0.000  0.631 -0.955
p.fac2[20,1]   -0.888  0.576 -0.032
p.fac2[21,1]   -0.175  0.024  0.066
p.fac2[22,1]   -0.507 -0.945 -0.849
p.fac2[23,1]   -0.785  0.988 -0.513
p.fac2[1,2]     1.448 -2.289 -1.834
p.fac2[2,2]     0.039 -2.969 -1.021
p.fac2[3,2]    -0.040 -0.918 -1.456
p.fac2[4,2]     0.116 -1.053 -1.124
p.fac2[5,2]     0.712 -1.919 -0.635
p.fac2[6,2]     0.860 -1.952 -1.429
p.fac2[7,2]     0.184 -1.198 -0.438
p.fac2[8,2]     0.356 -0.539 -1.366
p.fac2[9,2]     0.177 -0.762 -1.426
p.fac2[10,2]    0.725 -1.484 -1.915
p.fac2[11,2]    0.922 -1.202 -1.596
p.fac2[12,2]    0.691 -0.747 -0.835
p.fac2[13,2]    0.324 -2.520 -0.528
p.fac2[14,2]    0.117 -3.690 -0.140
p.fac2[15,2]   -0.909 -2.933 -2.330
p.fac2[16,2]    0.857 -1.609 -0.902
p.fac2[17,2]    0.471 -0.921 -0.752
p.fac2[18,2]   -0.305 -1.776 -0.225
p.fac2[19,2]    0.226 -2.057  0.024
p.fac2[20,2]    0.328 -1.310 -0.816
p.fac2[21,2]   -0.147 -1.363 -0.774
p.fac2[22,2]   -0.981 -0.925 -1.915
p.fac2[23,2]    0.401 -1.228 -0.842
p.fac2[1,3]    -0.559  0.832  1.128
p.fac2[2,3]     0.697  1.478  1.474
p.fac2[3,3]     0.991  2.560  1.246
p.fac2[4,3]     0.334  2.280  0.948
p.fac2[5,3]     1.494  0.112  2.208
p.fac2[6,3]    -0.128  0.118  1.970
p.fac2[7,3]    -0.664  1.098  0.408
p.fac2[8,3]     1.215  1.270 -0.158
p.fac2[9,3]     0.974  1.445  0.534
p.fac2[10,3]   -0.443 -0.037  0.875
p.fac2[11,3]    0.634  2.194  1.557
p.fac2[12,3]    0.613  0.717  1.208
p.fac2[13,3]    2.207  1.502 -0.238
p.fac2[14,3]    0.897  2.517  0.017
p.fac2[15,3]    2.651  0.796 -0.481
p.fac2[16,3]   -0.217  0.829  1.727
p.fac2[17,3]   -0.748  0.603  1.900
p.fac2[18,3]    1.877  0.881  0.949
p.fac2[19,3]    1.735  2.046  0.046
p.fac2[20,3]    0.757  2.328  0.915
p.fac2[21,3]    1.573  1.295  0.604
p.fac2[22,3]    1.049  1.101 -0.901
p.fac2[23,3]    0.329  0.681  1.195
p.fac2[1,4]    -0.638  1.133  0.754
p.fac2[2,4]    -0.229  0.405 -0.578
p.fac2[3,4]    -0.606 -1.480  0.040
p.fac2[4,4]     0.134 -1.096  0.026
p.fac2[5,4]    -1.435  1.310 -1.920
p.fac2[6,4]    -0.032  1.923  0.002
p.fac2[7,4]     0.486  0.789  1.080
p.fac2[8,4]    -0.858 -0.593  0.877
p.fac2[9,4]    -0.427  0.512  0.880
p.fac2[10,4]   -0.454  1.545  0.919
p.fac2[11,4]   -0.640 -0.411  0.101
p.fac2[12,4]   -0.369  0.871 -0.007
p.fac2[13,4]   -2.778  0.192  0.986
p.fac2[14,4]   -0.600 -0.952  0.653
p.fac2[15,4]   -0.474  1.559  2.155
p.fac2[16,4]    0.005  0.894 -0.609
p.fac2[17,4]   -0.052  0.826 -0.368
p.fac2[18,4]   -1.023  0.408  0.207
p.fac2[19,4]   -1.394 -0.799  0.479
p.fac2[20,4]    0.173 -0.098  1.309
p.fac2[21,4]   -0.170  0.505  0.553
p.fac2[22,4]    0.254  0.213  1.824
p.fac2[23,4]   -0.172 -0.459 -0.569
p.global[1]    -0.485 -0.649 -0.106
p.global[2]    -0.650 -1.507 -0.302
p.global[3]     2.547  1.676 -0.083
p.global[4]    -0.960  0.538  0.663
p.ind[1,1]      0.247  1.420  0.767
p.ind[2,1]      0.321  1.524  0.657
p.ind[3,1]     -0.659 -0.874  1.179
p.ind[4,1]     -0.521 -0.639  1.238
p.ind[5,1]     -0.363 -0.349  1.266
p.ind[6,1]     -0.464 -0.537  1.253
p.ind[7,1]     -0.532 -0.657  1.235
p.ind[8,1]     -0.316 -0.257  1.266
p.ind[9,1]     -0.567 -0.717  1.223
p.ind[10,1]    -0.627 -0.820  1.196
p.ind[11,1]    -0.522 -0.639  1.238
p.ind[12,1]    -0.363 -0.350  1.266
p.ind[13,1]    -0.499 -0.600  1.245
p.ind[14,1]    -0.501 -0.269  0.284
p.ind[15,1]    -0.415 -0.080  0.328
p.ind[16,1]    -0.465 -0.426  0.225
p.ind[17,1]    -0.519 -0.303  0.273
p.ind[18,1]    -0.479 -0.447  0.208
p.ind[19,1]    -0.530 -0.324  0.266
p.ind[20,1]    -0.588 -0.730  0.062
p.ind[21,1]    -0.587 -0.727  0.063
p.ind[22,1]    -0.561 -0.661  0.100
p.ind[23,1]    -0.468 -0.416  0.222
p.ind[24,1]    -0.502 -0.508  0.179
p.ind[25,1]    -0.365  0.005  0.342
p.ind[26,1]    -0.534 -0.591  0.137
p.ind[27,1]    -0.513 -0.537  0.165
p.ind[28,1]    -0.570 -0.684  0.087
p.ind[29,1]    -0.508 -0.281  0.280
p.ind[30,1]    -0.486 -0.464  0.200
p.ind[31,1]    -0.851 -1.082  0.366
p.ind[32,1]    -0.766 -0.989  0.410
p.ind[33,1]    -0.641 -0.843  0.467
p.ind[34,1]    -0.510 -0.675  0.439
p.ind[35,1]    -0.558 -0.738  0.433
p.ind[36,1]    -2.034 -2.207 -0.535
p.ind[37,1]     0.311  0.678  0.101
p.ind[38,1]    -0.044 -0.542 -1.144
p.ind[39,1]    -0.044 -0.599 -1.128
p.ind[40,1]    -0.095  0.418 -0.988
p.ind[41,1]    -0.033  0.540 -0.960
p.ind[42,1]    -0.019  0.572 -0.956
p.ind[43,1]    -0.006  0.610 -0.955
p.ind[44,1]    -0.013  0.587 -0.955
p.ind[45,1]    -0.016  0.582 -0.956
p.ind[46,1]     0.002  0.637 -0.956
p.ind[47,1]    -0.044  0.515 -0.964
p.ind[48,1]    -0.384  1.097  0.288
p.ind[49,1]    -0.320  1.153  0.243
p.ind[50,1]    -0.364  1.135  0.267
p.ind[51,1]    -0.290  1.163  0.222
p.ind[52,1]    -0.150  1.169  0.037
p.ind[53,1]    -0.066  0.995 -0.068
p.ind[54,1]     0.012  0.522  0.350
p.ind[55,1]     0.044  0.607  0.448
p.ind[56,1]     0.037  0.587  0.389
p.ind[57,1]     0.063  0.660  0.480
p.ind[58,1]     0.120  0.824  0.564
p.ind[59,1]     0.307  1.228  0.570
p.ind[60,1]     0.375  1.366  0.452
p.ind[61,1]     0.489  1.451  0.296
p.ind[62,1]     0.567  1.498  0.132
p.ind[63,1]     0.530  1.476  0.224
p.ind[64,1]    -0.495 -0.489  0.188
p.ind[65,1]    -0.427 -0.817 -0.721
p.ind[66,1]    -0.381 -0.739 -0.643
p.ind[67,1]    -0.008 -0.075  1.407
p.ind[68,1]    -0.372 -0.728 -0.627
p.ind[69,1]    -0.709  0.425  0.725
p.ind[70,1]    -0.478 -0.897 -0.807
p.ind[71,1]    -0.517 -0.963 -0.875
p.ind[72,1]    -0.440 -0.835 -0.742
p.ind[73,1]    -0.734  0.399  0.724
p.ind[74,1]    -0.743  0.391  0.723
p.ind[75,1]    -0.535  0.204  0.292
p.ind[76,1]    -0.541  0.189  0.280
p.ind[77,1]    -0.453 -0.853 -0.763
p.ind[78,1]    -0.809 -0.001  0.284
p.ind[79,1]    -0.333  0.591  0.984
p.ind[80,1]    -0.375 -0.373  1.265
p.ind[81,1]    -0.077  0.058  1.046
p.ind[82,1]    -0.849  0.411  1.059
p.ind[83,1]    -0.872 -1.072 -0.145
p.ind[84,1]    -0.557 -1.811 -1.811
p.ind[85,1]    -0.243 -0.294  0.963
p.ind[86,1]    -0.887  0.348  1.036
p.ind[87,1]    -0.088  0.910  1.116
p.ind[88,1]    -0.173 -0.167  1.037
p.ind[89,1]    -0.849  0.317  0.356
p.ind[90,1]    -0.337 -1.677 -1.474
p.ind[91,1]    -0.335 -0.390  0.820
p.ind[92,1]    -0.785  0.122  0.317
p.ind[93,1]    -0.115  0.873  1.105
p.ind[94,1]    -0.369  0.681  0.605
p.ind[95,1]     0.089  0.731  0.520
p.ind[96,1]    -0.182  0.769  1.073
p.ind[97,1]    -0.517  0.650  0.519
p.ind[98,1]    -0.809  0.340  0.715
p.ind[99,1]     0.596  0.073  0.949
p.ind[100,1]   -0.474 -0.434  0.214
p.ind[101,1]   -0.923 -1.265 -0.254
p.ind[102,1]   -0.651  0.094  0.202
p.ind[103,1]   -0.478 -0.897 -0.807
p.ind[104,1]   -0.478 -0.897 -0.807
p.ind[105,1]   -0.709 -2.013 -2.001
p.ind[106,1]   -1.388 -0.236  0.495
p.ind[107,1]   -0.377  0.647  0.589
p.ind[108,1]   -0.701  0.434  0.726
p.ind[109,1]   -0.849  0.317  0.356
p.ind[110,1]   -0.410  0.531  0.528
p.ind[111,1]   -0.684  0.452  0.727
p.ind[112,1]   -0.311 -0.661 -0.510
p.ind[113,1]    0.594 -0.233  1.032
p.ind[114,1]    0.589 -0.365  1.065
p.ind[115,1]    0.089  0.731  0.520
p.ind[116,1]   -0.834  0.386  0.366
p.ind[117,1]   -0.825  0.394  0.371
p.ind[118,1]   -0.808  0.476  0.379
p.ind[119,1]   -0.383 -0.388  1.265
p.ind[120,1]   -0.938  0.263  1.002
p.ind[121,1]   -0.129  0.854  1.099
p.ind[122,1]   -0.288 -0.325  0.896
p.ind[123,1]   -0.332 -0.386  0.825
p.ind[124,1]   -0.222  0.718  1.052
p.ind[125,1]   -0.894  0.336  1.031
p.ind[126,1]   -0.647 -1.912 -1.926
p.ind[127,1]   -0.323 -0.374  0.840
p.ind[128,1]   -0.819  0.461  1.077
p.ind[129,1]   -0.659 -1.929 -1.941
p.ind[130,1]   -0.840 -1.204 -0.757
p.ind[131,1]   -0.303 -0.346  0.873
p.ind[132,1]   -0.228  0.723  1.048
p.ind[133,1]   -0.261  0.681  1.029
p.ind[134,1]   -0.355  0.961  0.618
p.ind[135,1]   -0.935 -1.304 -0.276
p.ind[136,1]   -0.861  0.536 -0.450
p.ind[137,1]   -0.330  0.879  0.601
p.ind[138,1]   -0.933  0.089 -0.455
p.ind[139,1]   -0.102  0.892  1.111
p.ind[140,1]    0.854 -0.528 -0.472
p.ind[141,1]    0.812 -0.324 -0.362
p.ind[142,1]   -0.902  0.324  1.026
p.ind[143,1]   -0.281  0.656  1.017
p.ind[144,1]   -2.004 -2.456 -0.744
p.ind[145,1]   -0.248 -0.303  0.955
p.ind[146,1]   -0.300 -0.342  0.878
p.ind[147,1]   -2.033 -2.217 -0.543
p.ind[148,1]    0.590 -0.353  1.062
p.ind[149,1]   -0.027  0.553 -0.958
p.ind[150,1]   -0.012  0.592 -0.955
p.ind[151,1]   -0.009  0.601 -0.955
p.ind[152,1]    0.861 -0.645 -0.548
p.ind[153,1]   -0.325  0.953  0.455
p.ind[154,1]   -0.550  0.607  0.724
p.ind[155,1]    0.593  0.274  0.885
p.ind[156,1]    0.572 -0.649  1.133
p.ind[157,1]   -0.373  0.715  0.707
p.ind[158,1]   -0.468  0.613  0.758
p.ind[159,1]   -0.384  0.701  0.714
p.ind[160,1]   -0.422  0.976  0.593
p.ind[161,1]   -1.510 -2.152 -0.485
p.ind[162,1]   -0.492  0.172 -0.868
p.ind[163,1]   -0.673 -1.949 -1.957
p.ind[164,1]   -1.195 -1.458  0.124
p.ind[165,1]   -0.829  0.756 -0.472
p.ind[166,1]    0.593  0.274  0.885
p.ind[167,1]   -0.853  0.584 -0.454
p.ind[168,1]    0.862 -0.676 -0.568
p.ind[169,1]   -0.847  0.657 -0.460
p.ind[170,1]    0.808 -0.306 -0.349
p.ind[171,1]   -0.425  0.967  0.599
p.ind[172,1]   -0.371  1.045  0.544
p.ind[173,1]   -0.887  0.348  1.036
p.ind[174,1]   -1.526 -2.072 -1.660
p.ind[175,1]   -0.904  1.012  1.056
p.ind[176,1]   -0.861  0.536 -0.450
p.ind[177,1]   -0.433  0.948  0.612
p.ind[178,1]   -0.440  0.930  0.623
p.ind[179,1]   -0.379  1.005  0.573
p.ind[180,1]   -0.343  0.841  0.683
p.ind[181,1]   -0.849  0.644 -0.459
p.ind[182,1]   -0.955  0.265  1.157
p.ind[183,1]   -0.516  0.960  1.225
p.ind[184,1]   -0.887  0.348  1.036
p.ind[185,1]    0.591  0.318  0.870
p.ind[186,1]   -0.036  0.533 -0.961
p.ind[187,1]   -0.047  0.509 -0.966
p.ind[188,1]    0.595  0.190  0.913
p.ind[189,1]   -0.914  0.338  1.154
p.ind[190,1]   -0.911  0.870  1.087
p.ind[191,1]   -0.505  0.140 -0.743
p.ind[192,1]   -0.486  0.188 -0.885
p.ind[193,1]   -0.915  0.398  1.150
p.ind[194,1]   -1.144 -1.978 -1.604
p.ind[195,1]   -0.906  0.266 -0.447
p.ind[196,1]   -0.954 -1.570 -1.345
p.ind[1,2]     -0.571 -1.092 -0.619
p.ind[2,2]     -0.683 -0.982 -0.412
p.ind[3,2]      0.189 -0.674 -1.450
p.ind[4,2]      0.165 -0.823 -1.410
p.ind[5,2]      0.125 -0.973 -1.518
p.ind[6,2]      0.152 -0.879 -1.369
p.ind[7,2]      0.167 -0.812 -1.413
p.ind[8,2]      0.110 -1.002 -1.484
p.ind[9,2]      0.175 -0.776 -1.423
p.ind[10,2]     0.183 -0.711 -1.440
p.ind[11,2]     0.165 -0.822 -1.411
p.ind[12,2]     0.125 -0.973 -1.519
p.ind[13,2]     0.160 -0.845 -1.378
p.ind[14,2]     0.615 -0.772 -0.745
p.ind[15,2]     0.558 -0.797 -0.755
p.ind[16,2]     0.708 -0.726 -0.828
p.ind[17,2]     0.672 -0.764 -0.743
p.ind[18,2]     0.717 -0.711 -0.822
p.ind[19,2]     0.679 -0.759 -0.741
p.ind[20,2]     0.763 -0.545 -0.776
p.ind[21,2]     0.763 -0.547 -0.777
p.ind[22,2]     0.756 -0.594 -0.789
p.ind[23,2]     0.710 -0.723 -0.827
p.ind[24,2]     0.731 -0.683 -0.814
p.ind[25,2]     0.518 -0.809 -0.760
p.ind[26,2]     0.746 -0.637 -0.801
p.ind[27,2]     0.737 -0.668 -0.810
p.ind[28,2]     0.759 -0.578 -0.785
p.ind[29,2]     0.619 -0.769 -0.744
p.ind[30,2]     0.721 -0.703 -0.820
p.ind[31,2]     0.361 -0.539 -1.054
p.ind[32,2]     0.362 -0.601 -1.026
p.ind[33,2]     0.365 -0.681 -0.980
p.ind[34,2]     0.369 -0.759 -0.929
p.ind[35,2]     0.367 -0.731 -0.948
p.ind[36,2]     0.021  0.522 -1.162
p.ind[37,2]     0.384 -0.948 -0.622
p.ind[38,2]    -0.212 -1.076 -0.224
p.ind[39,2]    -0.223 -0.911 -0.231
p.ind[40,2]     0.302 -1.032 -0.049
p.ind[41,2]     0.340 -1.680 -0.023
p.ind[42,2]     0.272 -1.830 -0.008
p.ind[43,2]     0.247 -1.981  0.011
p.ind[44,2]     0.264 -1.893  0.000
p.ind[45,2]     0.267 -1.869 -0.003
p.ind[46,2]     0.219 -2.079  0.028
p.ind[47,2]     0.342 -1.561 -0.032
p.ind[48,2]     0.264 -1.807 -0.723
p.ind[49,2]     0.229 -1.809 -0.651
p.ind[50,2]     0.257 -1.814 -0.682
p.ind[51,2]     0.207 -1.801 -0.627
p.ind[52,2]     0.092 -1.755 -0.473
p.ind[53,2]     0.009 -1.645 -0.347
p.ind[54,2]    -0.038 -1.614 -0.795
p.ind[55,2]    -0.030 -1.637 -0.768
p.ind[56,2]    -0.031 -1.632 -0.774
p.ind[57,2]    -0.027 -1.647 -0.750
p.ind[58,2]    -0.031 -1.660 -0.691
p.ind[59,2]    -0.169 -1.567 -0.659
p.ind[60,2]    -0.285 -1.652 -0.551
p.ind[61,2]    -0.405 -1.516 -0.439
p.ind[62,2]    -0.524 -1.400 -0.323
p.ind[63,2]    -0.456 -1.463 -0.388
p.ind[64,2]     0.727 -0.692 -0.817
p.ind[65,2]    -0.967 -1.149 -1.824
p.ind[66,2]    -0.945 -1.419 -1.759
p.ind[67,2]     0.706 -1.627 -1.817
p.ind[68,2]    -0.942 -1.439 -1.823
p.ind[69,2]     0.094 -1.131 -1.099
p.ind[70,2]    -0.960 -1.005 -1.888
p.ind[71,2]    -0.989 -0.896 -1.924
p.ind[72,2]    -0.974 -1.116 -1.841
p.ind[73,2]     0.101 -1.111 -1.106
p.ind[74,2]     0.103 -1.104 -1.109
p.ind[75,2]     0.418 -0.286 -1.723
p.ind[76,2]     0.416 -0.263 -1.714
p.ind[77,2]    -0.983 -1.083 -1.856
p.ind[78,2]     0.828 -1.389 -0.958
p.ind[79,2]     0.040 -2.907 -1.005
p.ind[80,2]     0.128 -0.962 -1.350
p.ind[81,2]    -0.088 -1.149 -1.370
p.ind[82,2]     1.439 -2.142 -1.917
p.ind[83,2]     0.615 -0.478 -0.776
p.ind[84,2]     0.070 -1.114 -0.476
p.ind[85,2]     0.005 -0.397 -1.556
p.ind[86,2]     1.436 -2.093 -1.926
p.ind[87,2]     0.044 -2.704 -1.047
p.ind[88,2]    -0.021 -0.763 -1.501
p.ind[89,2]     0.852 -1.547 -0.930
p.ind[90,2]     0.186 -1.199 -0.436
p.ind[91,2]     0.014 -0.039 -1.788
p.ind[92,2]     0.839 -1.458 -0.951
p.ind[93,2]     0.044 -2.713 -1.041
p.ind[94,2]     0.316 -0.849 -1.286
p.ind[95,2]    -0.026 -1.656 -0.725
p.ind[96,2]     0.042 -2.986 -1.029
p.ind[97,2]     0.015 -1.208 -1.031
p.ind[98,2]     0.119 -1.038 -1.128
p.ind[99,2]     0.543 -2.690 -0.789
p.ind[100,2]    0.714 -0.716 -0.824
p.ind[101,2]    0.485 -0.274 -0.697
p.ind[102,2]    0.401 -0.119 -1.650
p.ind[103,2]   -0.960 -1.005 -1.888
p.ind[104,2]   -0.960 -1.005 -1.888
p.ind[105,2]   -0.097 -0.693 -0.587
p.ind[106,2]    0.122  0.010 -1.326
p.ind[107,2]    0.321 -0.820 -1.296
p.ind[108,2]    0.091 -1.137 -1.096
p.ind[109,2]    0.852 -1.547 -0.930
p.ind[110,2]    0.343 -0.711 -1.329
p.ind[111,2]    0.085 -1.149 -1.091
p.ind[112,2]   -0.929 -1.558 -1.698
p.ind[113,2]    0.606 -2.605 -0.758
p.ind[114,2]    0.616 -2.518 -0.734
p.ind[115,2]   -0.026 -1.656 -0.725
p.ind[116,2]    0.855 -1.573 -0.920
p.ind[117,2]    0.856 -1.588 -0.913
p.ind[118,2]    0.858 -1.614 -0.899
p.ind[119,2]    0.131 -0.955 -1.351
p.ind[120,2]    1.287 -2.022 -1.938
p.ind[121,2]    0.044 -2.717 -1.039
p.ind[122,2]    0.010 -0.213 -1.773
p.ind[123,2]    0.013 -0.050 -1.788
p.ind[124,2]    0.040 -2.973 -1.022
p.ind[125,2]    1.435 -2.083 -1.928
p.ind[126,2]   -0.015 -0.910 -0.571
p.ind[127,2]    0.013 -0.082 -1.786
p.ind[128,2]    1.442 -2.180 -1.910
p.ind[129,2]   -0.029 -0.874 -0.573
p.ind[130,2]   -1.422 -1.960 -2.523
p.ind[131,2]    0.012 -0.157 -1.779
p.ind[132,2]    0.040 -2.970 -1.021
p.ind[133,2]    0.037 -2.954 -1.016
p.ind[134,2]    0.259 -1.048 -1.211
p.ind[135,2]    0.457 -0.231 -0.686
p.ind[136,2]    0.168 -0.892 -0.839
p.ind[137,2]    0.277 -0.996 -1.232
p.ind[138,2]   -0.110 -0.249 -1.035
p.ind[139,2]    0.044 -2.709 -1.044
p.ind[140,2]    0.361 -1.171 -0.783
p.ind[141,2]    0.410 -1.402 -0.803
p.ind[142,2]    1.434 -2.073 -1.930
p.ind[143,2]    0.035 -2.942 -1.013
p.ind[144,2]   -0.226  0.819 -1.018
p.ind[145,2]    0.005 -0.374 -1.561
p.ind[146,2]    0.011 -0.168 -1.778
p.ind[147,2]    0.011  0.531 -1.158
p.ind[148,2]    0.614 -2.528 -0.736
p.ind[149,2]    0.281 -1.744 -0.017
p.ind[150,2]    0.260 -1.913  0.002
p.ind[151,2]    0.254 -1.949  0.007
p.ind[152,2]    0.318 -1.004 -0.852
p.ind[153,2]   -0.153 -1.124 -0.612
p.ind[154,2]    0.036 -1.205 -1.044
p.ind[155,2]    0.494 -2.672 -0.795
p.ind[156,2]    0.710 -1.993 -0.656
p.ind[157,2]    0.841 -1.677 -1.282
p.ind[158,2]    0.961 -1.642 -1.537
p.ind[159,2]    0.846 -1.675 -1.481
p.ind[160,2]    0.856 -1.628 -1.152
p.ind[161,2]    0.076  0.469 -1.189
p.ind[162,2]   -0.013 -1.331 -0.476
p.ind[163,2]   -0.046 -0.831 -0.577
p.ind[164,2]    0.500 -0.264 -1.270
p.ind[165,2]    0.284 -1.156 -0.835
p.ind[166,2]    0.494 -2.672 -0.795
p.ind[167,2]    0.195 -0.953 -0.840
p.ind[168,2]    0.305 -0.958 -0.844
p.ind[169,2]    0.234 -1.043 -0.833
p.ind[170,2]    0.414 -1.427 -0.805
p.ind[171,2]    0.861 -1.633 -1.159
p.ind[172,2]    0.813 -1.583 -1.094
p.ind[173,2]    1.436 -2.093 -1.926
p.ind[174,2]   -1.410 -0.606 -1.871
p.ind[175,2]    0.866 -2.150 -1.365
p.ind[176,2]    0.168 -0.892 -0.839
p.ind[177,2]    0.871 -1.642 -1.174
p.ind[178,2]    0.880 -1.650 -1.187
p.ind[179,2]    0.839 -1.611 -1.129
p.ind[180,2]    0.918 -1.675 -1.252
p.ind[181,2]    0.227 -1.028 -0.833
p.ind[182,2]    0.897 -2.058 -1.574
p.ind[183,2]    1.445 -2.370 -1.792
p.ind[184,2]    1.436 -2.093 -1.926
p.ind[185,2]    0.483 -2.662 -0.796
p.ind[186,2]    0.341 -1.646 -0.026
p.ind[187,2]    0.341 -1.529 -0.034
p.ind[188,2]    0.515 -2.685 -0.794
p.ind[189,2]    0.902 -2.081 -1.534
p.ind[190,2]    0.885 -2.140 -1.400
p.ind[191,2]   -0.039 -0.989 -0.497
p.ind[192,2]    0.000 -1.454 -0.465
p.ind[193,2]    0.904 -2.098 -1.517
p.ind[194,2]   -1.429 -0.743 -1.926
p.ind[195,2]    0.005 -0.514 -1.058
p.ind[196,2]   -1.469 -1.371 -2.426
p.ind[1,3]      1.523  0.759  0.201
p.ind[2,3]      1.426  0.440  0.059
p.ind[3,3]      0.887  1.365  0.516
p.ind[4,3]      1.041  1.504  0.545
p.ind[5,3]      1.231  1.661  0.565
p.ind[6,3]      1.108  1.561  0.553
p.ind[7,3]      1.029  1.493  0.543
p.ind[8,3]      1.289  1.706  0.569
p.ind[9,3]      0.989  1.458  0.536
p.ind[10,3]     0.922  1.398  0.524
p.ind[11,3]     1.041  1.503  0.545
p.ind[12,3]     1.230  1.660  0.565
p.ind[13,3]     1.067  1.526  0.548
p.ind[14,3]     0.641  0.718  1.278
p.ind[15,3]     0.681  0.706  1.401
p.ind[16,3]     0.593  0.714  1.163
p.ind[17,3]     0.632  0.718  1.253
p.ind[18,3]     0.580  0.711  1.134
p.ind[19,3]     0.626  0.718  1.238
p.ind[20,3]     0.469  0.654  0.933
p.ind[21,3]     0.470  0.654  0.934
p.ind[22,3]     0.497  0.668  0.980
p.ind[23,3]     0.591  0.713  1.157
p.ind[24,3]     0.557  0.692  1.090
p.ind[25,3]     0.699  0.690  1.474
p.ind[26,3]     0.525  0.680  1.029
p.ind[27,3]     0.546  0.688  1.068
p.ind[28,3]     0.488  0.663  0.964
p.ind[29,3]     0.638  0.718  1.269
p.ind[30,3]     0.573  0.709  1.122
p.ind[31,3]    -0.660  0.824  1.395
p.ind[32,3]    -0.658  0.808  1.421
p.ind[33,3]    -0.659  0.782  1.477
p.ind[34,3]    -0.665  0.752  1.727
p.ind[35,3]    -0.662  0.763  1.708
p.ind[36,3]    -0.621  0.979  0.820
p.ind[37,3]    -0.879  0.413  2.016
p.ind[38,3]     1.595  0.765  0.664
p.ind[39,3]     1.556  0.764  0.633
p.ind[40,3]     1.243  1.719 -0.222
p.ind[41,3]     1.405  1.724 -0.085
p.ind[42,3]     1.627  1.739 -0.026
p.ind[43,3]     1.695  2.045  0.018
p.ind[44,3]     1.653  2.044 -0.009
p.ind[45,3]     1.643  1.744 -0.015
p.ind[46,3]     1.748  1.959  0.054
p.ind[47,3]     1.368  1.714 -0.118
p.ind[48,3]     0.868  2.692  1.382
p.ind[49,3]     0.870  2.603  1.416
p.ind[50,3]     0.871  2.642  1.407
p.ind[51,3]     0.868  2.572  1.419
p.ind[52,3]     0.873  2.375  1.387
p.ind[53,3]     0.856  2.212  1.325
p.ind[54,3]     1.833  1.487  0.777
p.ind[55,3]     1.880  1.519  0.817
p.ind[56,3]     1.869  1.511  0.808
p.ind[57,3]     1.911  1.538  0.844
p.ind[58,3]     2.006  1.592  0.930
p.ind[59,3]     2.296  1.628  1.201
p.ind[60,3]     2.383  1.607  1.502
p.ind[61,3]     2.445  1.491  1.572
p.ind[62,3]     2.487  1.509  1.607
p.ind[63,3]     2.466  1.435  1.591
p.ind[64,3]     0.564  0.707  1.104
p.ind[65,3]     1.307  1.124 -0.862
p.ind[66,3]     1.456  1.127 -0.823
p.ind[67,3]    -0.559 -0.087  1.016
p.ind[68,3]     1.487  1.126 -0.813
p.ind[69,3]     0.464  2.299  1.046
p.ind[70,3]     1.135  1.112 -0.893
p.ind[71,3]     1.019  1.097 -0.903
p.ind[72,3]     1.265  1.122 -0.871
p.ind[73,3]     0.425  2.295  0.949
p.ind[74,3]     0.412  2.293  0.945
p.ind[75,3]     1.034  1.311 -0.214
p.ind[76,3]     1.019  1.313 -0.218
p.ind[77,3]     1.224  1.119 -0.879
p.ind[78,3]    -0.288  0.755  1.520
p.ind[79,3]     0.649  1.504  1.417
p.ind[80,3]     1.216  1.648  0.564
p.ind[81,3]     0.760  2.429  1.376
p.ind[82,3]    -0.709  0.817  0.981
p.ind[83,3]    -0.422  0.711  0.985
p.ind[84,3]    -0.740  0.853  0.463
p.ind[85,3]     1.002  2.579  0.997
p.ind[86,3]    -0.711  0.787  0.952
p.ind[87,3]     0.749  1.362  1.551
p.ind[88,3]     1.008  2.604  1.168
p.ind[89,3]    -0.243  0.933  1.663
p.ind[90,3]    -0.659  1.103  0.406
p.ind[91,3]     0.957  2.549  0.815
p.ind[92,3]    -0.271  0.751  1.579
p.ind[93,3]     0.740  1.376  1.537
p.ind[94,3]     1.788  1.149 -0.057
p.ind[95,3]     1.952  1.563  0.882
p.ind[96,3]     0.716  1.407  1.501
p.ind[97,3]     0.799  2.301  1.291
p.ind[98,3]     0.313  2.275  0.941
p.ind[99,3]     1.551  0.086  2.395
p.ind[100,3]    0.584  0.712  1.144
p.ind[101,3]   -0.440  0.663  0.835
p.ind[102,3]    0.927  1.320 -0.242
p.ind[103,3]    1.135  1.112 -0.893
p.ind[104,3]    1.135  1.112 -0.893
p.ind[105,3]   -0.711  0.704  0.525
p.ind[106,3]   -0.257  1.901  0.702
p.ind[107,3]    1.754  1.165 -0.068
p.ind[108,3]    0.478  2.300  1.049
p.ind[109,3]   -0.243  0.933  1.663
p.ind[110,3]    1.622  1.217 -0.107
p.ind[111,3]    0.505  2.302  1.057
p.ind[112,3]    1.696  1.121 -0.732
p.ind[113,3]    1.562  0.135  2.311
p.ind[114,3]    1.549  0.140  2.278
p.ind[115,3]    1.952  1.563  0.882
p.ind[116,3]   -0.233  0.844  1.689
p.ind[117,3]   -0.227  0.839  1.705
p.ind[118,3]   -0.214  0.826  1.733
p.ind[119,3]    1.206  1.641  0.563
p.ind[120,3]   -0.715  0.771  0.911
p.ind[121,3]    0.736  1.383  1.530
p.ind[122,3]    0.983  2.572  0.903
p.ind[123,3]    0.959  2.551  0.821
p.ind[124,3]    0.700  1.421  1.479
p.ind[125,3]   -0.712  0.785  0.946
p.ind[126,3]   -0.767  0.781  0.498
p.ind[127,3]    0.964  2.556  0.837
p.ind[128,3]   -0.550  0.824  1.004
p.ind[129,3]   -0.770  0.768  0.503
p.ind[130,3]    2.165  0.508 -0.675
p.ind[131,3]    0.976  2.566  0.875
p.ind[132,3]    0.697  1.477  1.475
p.ind[133,3]    0.683  1.487  1.457
p.ind[134,3]    1.967  0.988  0.036
p.ind[135,3]   -0.443  0.652  0.805
p.ind[136,3]    0.079  0.850  0.812
p.ind[137,3]    1.934  1.040  0.009
p.ind[138,3]   -0.186  0.944  0.444
p.ind[139,3]    0.745  1.369  1.544
p.ind[140,3]    2.218  1.075 -0.287
p.ind[141,3]    2.241  1.138 -0.280
p.ind[142,3]   -0.712  0.783  0.940
p.ind[143,3]    0.674  1.492  1.446
p.ind[144,3]   -0.571  0.931  0.650
p.ind[145,3]    1.000  2.579  0.985
p.ind[146,3]    0.977  2.568  0.881
p.ind[147,3]   -0.619  0.977  0.814
p.ind[148,3]    1.551  0.140  2.281
p.ind[149,3]    1.426  1.730 -0.047
p.ind[150,3]    1.663  2.044 -0.003
p.ind[151,3]    1.679  2.045  0.008
p.ind[152,3]    2.196  1.029 -0.293
p.ind[153,3]    1.191  2.041  1.373
p.ind[154,3]    0.737  2.317  1.271
p.ind[155,3]    1.539  0.051  2.451
p.ind[156,3]    1.505  0.122  2.218
p.ind[157,3]    1.332  2.073  1.742
p.ind[158,3]    0.921  2.087  1.708
p.ind[159,3]    1.309  2.077  1.734
p.ind[160,3]    1.664  2.064  1.807
p.ind[161,3]   -0.632  0.987  0.857
p.ind[162,3]    0.701  2.311  0.187
p.ind[163,3]   -0.774  0.752  0.509
p.ind[164,3]   -0.671  0.992  1.238
p.ind[165,3]    0.207  0.783  0.998
p.ind[166,3]    1.539  0.051  2.451
p.ind[167,3]    0.108  0.835  0.852
p.ind[168,3]    2.190  1.016 -0.295
p.ind[169,3]    0.150  0.812  0.914
p.ind[170,3]    2.243  1.145 -0.279
p.ind[171,3]    1.657  2.075  1.807
p.ind[172,3]    1.701  1.976  1.805
p.ind[173,3]   -0.711  0.787  0.952
p.ind[174,3]    1.527  0.126 -0.559
p.ind[175,3]    0.032  0.329  2.235
p.ind[176,3]    0.079  0.850  0.812
p.ind[177,3]    1.642  2.095  1.804
p.ind[178,3]    1.626  2.113  1.800
p.ind[179,3]    1.682  2.030  1.809
p.ind[180,3]    1.399  2.053  1.767
p.ind[181,3]    0.143  0.816  0.903
p.ind[182,3]   -0.097  0.230  2.091
p.ind[183,3]   -0.579  0.805  1.203
p.ind[184,3]   -0.711  0.787  0.952
p.ind[185,3]    1.536  0.041  2.463
p.ind[186,3]    1.394  1.721 -0.095
p.ind[187,3]    1.359  1.711 -0.126
p.ind[188,3]    1.545  0.066  2.428
p.ind[189,3]   -0.087  0.253  2.117
p.ind[190,3]    0.001  0.330  2.228
p.ind[191,3]    0.732  2.267  0.201
p.ind[192,3]    0.707  2.333  0.180
p.ind[193,3]   -0.078  0.269  2.136
p.ind[194,3]    1.622  0.167 -0.575
p.ind[195,3]   -0.083  0.921  0.587
p.ind[196,3]    1.938  0.348 -0.638
p.ind[1,4]     -1.247 -0.282 -0.097
p.ind[2,4]     -1.203 -0.372 -0.173
p.ind[3,4]     -0.349  0.510  0.948
p.ind[4,4]     -0.489  0.509  0.831
p.ind[5,4]     -0.676  0.476  0.699
p.ind[6,4]     -0.553  0.501  0.783
p.ind[7,4]     -0.477  0.510  0.839
p.ind[8,4]     -0.737  0.459  0.660
p.ind[9,4]     -0.441  0.512  0.868
p.ind[10,4]    -0.380  0.512  0.920
p.ind[11,4]    -0.488  0.509  0.831
p.ind[12,4]    -0.675  0.476  0.699
p.ind[13,4]    -0.513  0.506  0.812
p.ind[14,4]    -0.446  0.824 -0.086
p.ind[15,4]    -0.647  0.725 -0.231
p.ind[16,4]    -0.318  0.898  0.042
p.ind[17,4]    -0.419  0.842 -0.058
p.ind[18,4]    -0.286  0.914  0.073
p.ind[19,4]    -0.402  0.852 -0.041
p.ind[20,4]    -0.045  0.995  0.280
p.ind[21,4]    -0.047  0.995  0.278
p.ind[22,4]    -0.092  0.981  0.233
p.ind[23,4]    -0.312  0.901  0.048
p.ind[24,4]    -0.234  0.937  0.121
p.ind[25,4]    -0.722  0.658 -0.320
p.ind[26,4]    -0.164  0.963  0.184
p.ind[27,4]    -0.210  0.946  0.143
p.ind[28,4]    -0.076  0.986  0.249
p.ind[29,4]    -0.436  0.830 -0.076
p.ind[30,4]    -0.271  0.921  0.087
p.ind[31,4]     1.076  1.368  0.697
p.ind[32,4]     0.978  1.361  0.562
p.ind[33,4]     0.811  1.329  0.356
p.ind[34,4]     0.616  1.266  0.142
p.ind[35,4]     0.689  1.293  0.220
p.ind[36,4]     1.595  0.649  1.566
p.ind[37,4]    -0.401  0.342 -0.605
p.ind[38,4]    -0.560  0.483  0.515
p.ind[39,4]    -0.500  0.474  0.540
p.ind[40,4]    -0.907 -0.737  0.681
p.ind[41,4]    -1.152 -0.687  0.605
p.ind[42,4]    -1.289 -0.778  0.568
p.ind[43,4]    -1.358 -0.799  0.514
p.ind[44,4]    -1.317 -0.801  0.548
p.ind[45,4]    -1.307 -0.801  0.556
p.ind[46,4]    -1.404 -0.799  0.467
p.ind[47,4]    -1.104 -0.693  0.628
p.ind[48,4]    -0.421 -0.822  0.738
p.ind[49,4]    -0.547 -0.927  0.549
p.ind[50,4]    -0.500 -0.912  0.624
p.ind[51,4]    -0.580 -0.965  0.494
p.ind[52,4]    -0.726 -1.151  0.248
p.ind[53,4]    -0.804 -1.271  0.028
p.ind[54,4]    -0.753  0.265  0.250
p.ind[55,4]    -0.868  0.230  0.187
p.ind[56,4]    -0.841  0.243  0.202
p.ind[57,4]    -0.943  0.192  0.143
p.ind[58,4]    -1.175  0.068 -0.008
p.ind[59,4]    -1.782 -0.327 -0.537
p.ind[60,4]    -1.950 -0.481 -0.804
p.ind[61,4]    -2.062 -0.597 -1.022
p.ind[62,4]    -2.136 -0.685 -1.191
p.ind[63,4]    -2.098 -0.638 -1.101
p.ind[64,4]    -0.250  0.930  0.106
p.ind[65,4]    -0.078  0.201  1.739
p.ind[66,4]    -0.270  0.200  1.671
p.ind[67,4]    -0.602  1.440  0.686
p.ind[68,4]    -0.311  0.200  1.655
p.ind[69,4]     0.030 -1.090 -0.017
p.ind[70,4]     0.143  0.208  1.800
p.ind[71,4]     0.293  0.215  1.831
p.ind[72,4]    -0.024  0.202  1.756
p.ind[73,4]     0.061 -1.092 -0.004
p.ind[74,4]     0.071 -1.092  0.000
p.ind[75,4]    -0.651 -0.673  0.935
p.ind[76,4]    -0.634 -0.679  0.939
p.ind[77,4]     0.028  0.203  1.771
p.ind[78,4]     0.226  1.018 -0.127
p.ind[79,4]    -0.077  0.457 -0.459
p.ind[80,4]    -0.660  0.480  0.710
p.ind[81,4]    -0.665 -1.469 -0.225
p.ind[82,4]    -0.489  1.217  0.992
p.ind[83,4]     0.701  0.874  0.887
p.ind[84,4]     0.693  0.953  1.133
p.ind[85,4]    -0.461 -1.232  0.445
p.ind[86,4]    -0.462  1.229  1.030
p.ind[87,4]    -0.447  0.318 -0.762
p.ind[88,4]    -0.562 -1.483  0.184
p.ind[89,4]     0.082  0.946 -0.432
p.ind[90,4]     0.473  0.779  1.074
p.ind[91,4]    -0.321 -1.256  0.734
p.ind[92,4]     0.169  0.989 -0.229
p.ind[93,4]    -0.405  0.326 -0.725
p.ind[94,4]    -1.172 -0.428  0.754
p.ind[95,4]    -1.043  0.140  0.082
p.ind[96,4]    -0.303  0.360 -0.638
p.ind[97,4]    -0.216 -1.087 -0.119
p.ind[98,4]     0.151 -1.097  0.034
p.ind[99,4]    -1.731  1.075 -2.131
p.ind[100,4]   -0.296  0.909  0.063
p.ind[101,4]    0.789  0.775  0.983
p.ind[102,4]   -0.483 -0.732  0.960
p.ind[103,4]    0.143  0.208  1.800
p.ind[104,4]    0.143  0.208  1.800
p.ind[105,4]    0.844  1.026  1.021
p.ind[106,4]    0.703 -1.162  0.540
p.ind[107,4]   -1.140 -0.496  0.768
p.ind[108,4]    0.020 -1.090 -0.021
p.ind[109,4]    0.082  0.946 -0.432
p.ind[110,4]   -1.023 -0.535  0.817
p.ind[111,4]   -0.001 -1.089 -0.030
p.ind[112,4]   -0.588  0.205  1.527
p.ind[113,4]   -1.636  1.157 -2.042
p.ind[114,4]   -1.585  1.217 -2.006
p.ind[115,4]   -1.043  0.140  0.082
p.ind[116,4]    0.052  0.928 -0.503
p.ind[117,4]    0.034  0.915 -0.546
p.ind[118,4]   -0.003  0.888 -0.628
p.ind[119,4]   -0.650  0.482  0.716
p.ind[120,4]   -0.424  1.243  1.082
p.ind[121,4]   -0.385  0.333 -0.707
p.ind[122,4]   -0.392 -1.245  0.596
p.ind[123,4]   -0.325 -1.255  0.726
p.ind[124,4]   -0.242  0.401 -0.588
p.ind[125,4]   -0.456  1.231  1.038
p.ind[126,4]    0.780  1.007  1.135
p.ind[127,4]   -0.339 -1.254  0.700
p.ind[128,4]   -0.510  1.207  0.960
p.ind[129,4]    0.792  1.013  1.013
p.ind[130,4]    0.418  1.855  2.305
p.ind[131,4]   -0.370 -1.249  0.640
p.ind[132,4]   -0.232  0.404 -0.580
p.ind[133,4]   -0.183  0.421 -0.541
p.ind[134,4]   -1.396 -0.346  0.633
p.ind[135,4]    0.807  0.751  0.998
p.ind[136,4]    0.147 -0.576 -0.215
p.ind[137,4]   -1.338 -0.368  0.668
p.ind[138,4]    0.515 -0.670  0.126
p.ind[139,4]   -0.426  0.325 -0.743
p.ind[140,4]   -2.026  1.033  1.464
p.ind[141,4]   -2.229  1.050  1.439
p.ind[142,4]   -0.451  1.233  1.045
p.ind[143,4]   -0.154  0.431 -0.518
p.ind[144,4]    1.641  0.286  1.551
p.ind[145,4]   -0.453 -1.234  0.464
p.ind[146,4]   -0.374 -1.248  0.631
p.ind[147,4]    1.597  0.636  1.568
p.ind[148,4]   -1.590  1.213 -2.009
p.ind[149,4]   -1.179 -0.685  0.591
p.ind[150,4]   -1.326 -0.800  0.541
p.ind[151,4]   -1.343 -0.800  0.527
p.ind[152,4]   -1.902  1.027  1.477
p.ind[153,4]   -0.481 -1.118 -0.249
p.ind[154,4]   -0.172 -1.086 -0.101
p.ind[155,4]   -1.774  1.023 -2.188
p.ind[156,4]   -1.463  1.295 -1.934
p.ind[157,4]   -1.357 -0.400 -0.229
p.ind[158,4]   -1.091 -0.392 -0.099
p.ind[159,4]   -1.324 -0.398 -0.212
p.ind[160,4]   -1.679 -0.418 -0.430
p.ind[161,4]    1.585  0.723  1.556
p.ind[162,4]   -0.108 -0.681  0.424
p.ind[163,4]    0.806  1.018  1.015
p.ind[164,4]    1.364  1.313  1.055
p.ind[165,4]   -0.012 -0.522 -0.386
p.ind[166,4]   -1.774  1.023 -2.188
p.ind[167,4]    0.112 -0.565 -0.251
p.ind[168,4]   -1.867  1.023  1.480
p.ind[169,4]    0.060 -0.547 -0.308
p.ind[170,4]   -2.246  1.047  1.436
p.ind[171,4]   -1.667 -0.417 -0.421
p.ind[172,4]   -1.754 -0.427 -0.498
p.ind[173,4]   -0.462  1.229  1.030
p.ind[174,4]    1.480  1.340  2.317
p.ind[175,4]   -0.194  1.528 -0.542
p.ind[176,4]    0.147 -0.576 -0.215
p.ind[177,4]   -1.642 -0.415 -0.402
p.ind[178,4]   -1.616 -0.412 -0.383
p.ind[179,4]   -1.714 -0.422 -0.460
p.ind[180,4]   -1.454 -0.406 -0.281
p.ind[181,4]    0.068 -0.550 -0.298
p.ind[182,4]   -0.079  1.810 -0.222
p.ind[183,4]   -0.708  1.080  0.615
p.ind[184,4]   -0.462  1.229  1.030
p.ind[185,4]   -1.781  1.011 -2.200
p.ind[186,4]   -1.138 -0.689  0.612
p.ind[187,4]   -1.092 -0.694  0.633
p.ind[188,4]   -1.758  1.045 -2.164
p.ind[189,4]   -0.090  1.781 -0.273
p.ind[190,4]   -0.170  1.574 -0.490
p.ind[191,4]   -0.069 -0.692  0.411
p.ind[192,4]   -0.127 -0.677  0.432
p.ind[193,4]   -0.100  1.758 -0.312
p.ind[194,4]    1.417  1.444  2.353
p.ind[195,4]    0.342 -0.634 -0.012
p.ind[196,4]    0.989  1.768  2.389
