
################################################################################
# Gelman-Rubin Diagnostic
################################################################################

Generally the Gelman diagnostic should be < 1.05


Out of 341 variables: 12 > 1.01

                      
0 > 1.05

                      
0 > 1.1


The worst variables are:

              Point est. Upper C.I.
ilr.fac1[2,1]   1.035188   1.051786
p.global[3]     1.019803   1.070534
loglik[81]      1.018715   1.019893
p.global[1]     1.018124   1.064951
ilr.fac1[1,2]   1.017387   1.057615
loglik[175]     1.011938   1.035028
p.fac2[12,3]    1.011145   1.016403
p.fac2[5,3]     1.011120   1.026722
p.fac1[1,3]     1.010902   1.023953
p.fac2[11,1]    1.010351   1.035971


And here are the Gelman diagnostics for all variables:

               Point est. Upper C.I.
deviance        1.0037984  1.0151642
fac1.sig        1.0078207  1.0127979
fac2.sig        1.0008493  1.0027789
ilr.fac1[1,1]   1.0029973  1.0132285
ilr.fac1[2,1]   1.0351878  1.0517864
ilr.fac1[3,1]   1.0017957  1.0075987
ilr.fac1[4,1]   1.0075367  1.0208422
ilr.fac1[5,1]   1.0022370  1.0103041
ilr.fac1[1,2]   1.0173873  1.0576150
ilr.fac1[2,2]   1.0044406  1.0172662
ilr.fac1[3,2]   1.0035342  1.0122659
ilr.fac1[4,2]   1.0059878  1.0211725
ilr.fac1[5,2]   1.0075849  1.0252505
ilr.fac2[1,1]   1.0011065  1.0058292
ilr.fac2[2,1]   0.9999640  1.0015235
ilr.fac2[3,1]   0.9999016  1.0018607
ilr.fac2[4,1]   1.0009701  1.0035221
ilr.fac2[5,1]   1.0020194  1.0067882
ilr.fac2[6,1]   0.9996424  1.0003504
ilr.fac2[7,1]   0.9999626  1.0013437
ilr.fac2[8,1]   0.9992395  0.9995292
ilr.fac2[9,1]   0.9994528  1.0006120
ilr.fac2[10,1]  1.0005760  1.0014432
ilr.fac2[11,1]  0.9997845  1.0011959
ilr.fac2[12,1]  1.0006254  1.0009299
ilr.fac2[13,1]  1.0000906  1.0022450
ilr.fac2[14,1]  1.0036179  1.0108471
ilr.fac2[15,1]  1.0017999  1.0090552
ilr.fac2[16,1]  1.0019517  1.0085212
ilr.fac2[17,1]  1.0006039  1.0043776
ilr.fac2[18,1]  1.0003305  1.0034472
ilr.fac2[19,1]  1.0012696  1.0013300
ilr.fac2[20,1]  1.0007787  1.0031648
ilr.fac2[21,1]  1.0020528  1.0056303
ilr.fac2[22,1]  1.0023552  1.0072558
ilr.fac2[23,1]  1.0001573  1.0012501
ilr.fac2[1,2]   1.0026148  1.0102096
ilr.fac2[2,2]   1.0029047  1.0130373
ilr.fac2[3,2]   1.0007900  1.0041446
ilr.fac2[4,2]   0.9998682  1.0016708
ilr.fac2[5,2]   1.0066986  1.0152098
ilr.fac2[6,2]   1.0025849  1.0101276
ilr.fac2[7,2]   1.0011521  1.0065195
ilr.fac2[8,2]   1.0002648  1.0036209
ilr.fac2[9,2]   1.0006987  1.0049555
ilr.fac2[10,2]  1.0052465  1.0150547
ilr.fac2[11,2]  1.0009276  1.0017581
ilr.fac2[12,2]  1.0005222  1.0032731
ilr.fac2[13,2]  1.0024502  1.0096283
ilr.fac2[14,2]  1.0023667  1.0095428
ilr.fac2[15,2]  0.9995498  1.0009630
ilr.fac2[16,2]  1.0023723  1.0050146
ilr.fac2[17,2]  1.0019179  1.0050768
ilr.fac2[18,2]  1.0018034  1.0060339
ilr.fac2[19,2]  1.0004638  1.0026905
ilr.fac2[20,2]  1.0043319  1.0159888
ilr.fac2[21,2]  1.0014817  1.0080201
ilr.fac2[22,2]  1.0013480  1.0038758
ilr.fac2[23,2]  1.0002030  1.0016957
loglik[1]       1.0013900  1.0035504
loglik[2]       1.0001698  1.0023733
loglik[3]       1.0045608  1.0148035
loglik[4]       1.0029107  1.0086617
loglik[5]       1.0014728  1.0066983
loglik[6]       1.0009228  1.0023326
loglik[7]       1.0026079  1.0103355
loglik[8]       1.0003619  1.0031002
loglik[9]       0.9998380  1.0005325
loglik[10]      1.0002853  1.0008826
loglik[11]      1.0029095  1.0048595
loglik[12]      1.0000507  1.0003103
loglik[13]      0.9998274  1.0007637
loglik[14]      1.0008304  1.0010326
loglik[15]      0.9996419  1.0006118
loglik[16]      0.9995863  1.0004906
loglik[17]      1.0000768  1.0023087
loglik[18]      1.0007691  1.0053992
loglik[19]      0.9996811  1.0013966
loglik[20]      1.0000829  1.0021355
loglik[21]      0.9995400  1.0001008
loglik[22]      0.9997419  1.0012188
loglik[23]      0.9996443  1.0010663
loglik[24]      0.9996902  1.0011188
loglik[25]      0.9997082  1.0001861
loglik[26]      0.9995392  0.9998618
loglik[27]      0.9999312  1.0020991
loglik[28]      0.9997223  1.0010510
loglik[29]      1.0004439  1.0039900
loglik[30]      0.9997628  1.0016676
loglik[31]      1.0005278  1.0033800
loglik[32]      1.0000179  1.0018795
loglik[33]      0.9994220  0.9995834
loglik[34]      0.9995118  1.0000128
loglik[35]      1.0003549  1.0035471
loglik[36]      1.0016495  1.0069764
loglik[37]      1.0010182  1.0020114
loglik[38]      1.0024237  1.0096751
loglik[39]      1.0003328  1.0032984
loglik[40]      0.9996381  1.0008440
loglik[41]      0.9993138  0.9996932
loglik[42]      0.9992283  0.9997725
loglik[43]      0.9998024  0.9999481
loglik[44]      1.0009502  1.0039982
loglik[45]      1.0010378  1.0040771
loglik[46]      0.9996834  1.0003998
loglik[47]      0.9999104  1.0011559
loglik[48]      0.9994001  1.0002595
loglik[49]      0.9992118  0.9993599
loglik[50]      0.9992511  0.9994703
loglik[51]      1.0010508  1.0016226
loglik[52]      1.0005796  1.0025518
loglik[53]      0.9995277  1.0005945
loglik[54]      1.0003982  1.0035555
loglik[55]      1.0006066  1.0020491
loglik[56]      0.9991908  0.9993678
loglik[57]      0.9998293  1.0004582
loglik[58]      1.0004771  1.0019397
loglik[59]      0.9999398  1.0019860
loglik[60]      1.0003679  1.0038711
loglik[61]      1.0002000  1.0031853
loglik[62]      0.9998721  1.0011788
loglik[63]      1.0020286  1.0027176
loglik[64]      0.9994610  0.9999323
loglik[65]      0.9995743  1.0010218
loglik[66]      1.0026608  1.0066270
loglik[67]      1.0000961  1.0030272
loglik[68]      1.0000782  1.0016171
loglik[69]      1.0002634  1.0018631
loglik[70]      1.0004485  1.0019228
loglik[71]      1.0003442  1.0016673
loglik[72]      0.9997901  1.0001373
loglik[73]      1.0060179  1.0162450
loglik[74]      1.0016152  1.0072829
loglik[75]      1.0002345  1.0030176
loglik[76]      1.0011957  1.0020331
loglik[77]      1.0011990  1.0037235
loglik[78]      1.0078601  1.0242380
loglik[79]      0.9997592  1.0009780
loglik[80]      1.0001790  1.0008349
loglik[81]      1.0187147  1.0198935
loglik[82]      1.0024085  1.0073243
loglik[83]      1.0033988  1.0066036
loglik[84]      1.0009768  1.0014813
loglik[85]      1.0100064  1.0104266
loglik[86]      1.0043988  1.0159812
loglik[87]      1.0046001  1.0072783
loglik[88]      0.9997802  1.0008008
loglik[89]      1.0020289  1.0078857
loglik[90]      1.0027493  1.0066807
loglik[91]      1.0025209  1.0059937
loglik[92]      1.0056202  1.0187026
loglik[93]      1.0009455  1.0033842
loglik[94]      1.0002482  1.0035227
loglik[95]      1.0072319  1.0248807
loglik[96]      1.0002863  1.0011778
loglik[97]      1.0052646  1.0137603
loglik[98]      1.0084044  1.0248014
loglik[99]      1.0012036  1.0031994
loglik[100]     1.0002352  1.0005734
loglik[101]     1.0003655  1.0021975
loglik[102]     1.0000119  1.0027226
loglik[103]     1.0001023  1.0029284
loglik[104]     1.0002948  1.0003112
loglik[105]     0.9994160  0.9997379
loglik[106]     0.9997490  1.0003644
loglik[107]     0.9997227  1.0013388
loglik[108]     0.9996409  1.0004486
loglik[109]     0.9999626  1.0005926
loglik[110]     0.9994201  0.9999207
loglik[111]     1.0026199  1.0068456
loglik[112]     1.0029124  1.0103065
loglik[113]     1.0031487  1.0109082
loglik[114]     1.0016874  1.0086683
loglik[115]     0.9999800  1.0007307
loglik[116]     0.9998345  1.0001244
loglik[117]     0.9999524  1.0005545
loglik[118]     0.9999197  1.0019599
loglik[119]     1.0017163  1.0041318
loglik[120]     1.0029111  1.0131244
loglik[121]     1.0019604  1.0030291
loglik[122]     1.0004093  1.0024897
loglik[123]     0.9999001  1.0022308
loglik[124]     1.0017697  1.0057079
loglik[125]     1.0006870  1.0011336
loglik[126]     1.0001341  1.0012071
loglik[127]     1.0059200  1.0079584
loglik[128]     1.0001543  1.0004832
loglik[129]     1.0000281  1.0015914
loglik[130]     1.0004297  1.0012051
loglik[131]     1.0035955  1.0134454
loglik[132]     1.0054423  1.0181246
loglik[133]     0.9992790  0.9999777
loglik[134]     1.0025397  1.0107660
loglik[135]     1.0020086  1.0053375
loglik[136]     0.9995263  1.0000885
loglik[137]     1.0001052  1.0009142
loglik[138]     1.0049447  1.0115560
loglik[139]     1.0023549  1.0079052
loglik[140]     1.0038590  1.0088511
loglik[141]     1.0005022  1.0038991
loglik[142]     1.0088059  1.0305451
loglik[143]     1.0008516  1.0048991
loglik[144]     1.0010711  1.0036185
loglik[145]     1.0002544  1.0022845
loglik[146]     1.0046602  1.0152917
loglik[147]     1.0033076  1.0118117
loglik[148]     0.9991274  0.9991474
loglik[149]     0.9998263  0.9999137
loglik[150]     1.0009336  1.0048184
loglik[151]     1.0002179  1.0006790
loglik[152]     0.9999787  1.0024951
loglik[153]     1.0079340  1.0250433
loglik[154]     1.0000885  1.0024293
loglik[155]     1.0027277  1.0110043
loglik[156]     1.0028691  1.0123800
loglik[157]     1.0046457  1.0178094
loglik[158]     1.0014024  1.0073748
loglik[159]     1.0073518  1.0254639
loglik[160]     1.0038760  1.0135435
loglik[161]     1.0033468  1.0104405
loglik[162]     1.0000562  1.0000595
loglik[163]     0.9990625  0.9990714
loglik[164]     1.0077013  1.0181750
loglik[165]     1.0072242  1.0220355
loglik[166]     1.0007271  1.0039179
loglik[167]     0.9999191  1.0003543
loglik[168]     1.0009792  1.0053764
loglik[169]     1.0002862  1.0020342
loglik[170]     1.0024450  1.0110341
loglik[171]     1.0000841  1.0021067
loglik[172]     1.0047632  1.0072432
loglik[173]     1.0002820  1.0034357
loglik[174]     1.0005933  1.0040725
loglik[175]     1.0119380  1.0350278
loglik[176]     1.0005631  1.0040951
loglik[177]     1.0030969  1.0121754
loglik[178]     1.0000834  1.0024543
loglik[179]     1.0010888  1.0062401
loglik[180]     1.0018153  1.0044714
loglik[181]     1.0007315  1.0007725
loglik[182]     1.0022211  1.0027841
loglik[183]     1.0009106  1.0015566
loglik[184]     1.0041163  1.0122740
loglik[185]     0.9996693  1.0002157
loglik[186]     1.0000852  1.0021561
loglik[187]     1.0044607  1.0128269
loglik[188]     1.0001953  1.0027057
loglik[189]     1.0000816  1.0016272
loglik[190]     1.0013588  1.0022744
loglik[191]     1.0077419  1.0198109
loglik[192]     1.0000729  1.0016255
loglik[193]     1.0023151  1.0039875
loglik[194]     1.0088208  1.0243303
loglik[195]     1.0028936  1.0029679
p.fac1[1,1]     1.0087261  1.0305067
p.fac1[2,1]     1.0016724  1.0072704
p.fac1[3,1]     1.0026989  1.0082381
p.fac1[4,1]     1.0007080  1.0046830
p.fac1[5,1]     1.0008154  1.0056397
p.fac1[1,2]     0.9996080  1.0002029
p.fac1[2,2]     1.0001509  1.0026973
p.fac1[3,2]     0.9992845  0.9998433
p.fac1[4,2]     1.0006911  1.0028566
p.fac1[5,2]     0.9995386  1.0001163
p.fac1[1,3]     1.0109020  1.0239535
p.fac1[2,3]     1.0039119  1.0145264
p.fac1[3,3]     1.0033993  1.0128803
p.fac1[4,3]     1.0040839  1.0129337
p.fac1[5,3]     1.0023827  1.0102110
p.fac2[1,1]     1.0041379  1.0167509
p.fac2[2,1]     1.0048372  1.0150491
p.fac2[3,1]     1.0072058  1.0233976
p.fac2[4,1]     1.0078758  1.0308684
p.fac2[5,1]     1.0010562  1.0051588
p.fac2[6,1]     1.0004577  1.0021792
p.fac2[7,1]     1.0011425  1.0051843
p.fac2[8,1]     1.0031825  1.0139939
p.fac2[9,1]     1.0035582  1.0147412
p.fac2[10,1]    1.0002418  1.0033356
p.fac2[11,1]    1.0103506  1.0359712
p.fac2[12,1]    1.0098650  1.0213499
p.fac2[13,1]    1.0034467  1.0083142
p.fac2[14,1]    1.0028062  1.0084740
p.fac2[15,1]    0.9998938  1.0002910
p.fac2[16,1]    1.0005909  1.0035007
p.fac2[17,1]    1.0068972  1.0266777
p.fac2[18,1]    1.0011826  1.0067155
p.fac2[19,1]    1.0008229  1.0027651
p.fac2[20,1]    1.0046239  1.0100706
p.fac2[21,1]    1.0024118  1.0074727
p.fac2[22,1]    1.0029519  1.0047277
p.fac2[23,1]    1.0046093  1.0162051
p.fac2[1,2]     1.0013745  1.0064118
p.fac2[2,2]     1.0007319  1.0040793
p.fac2[3,2]     0.9999254  1.0019616
p.fac2[4,2]     1.0010359  1.0051243
p.fac2[5,2]     0.9997525  1.0015464
p.fac2[6,2]     0.9999710  1.0009916
p.fac2[7,2]     0.9996635  1.0010641
p.fac2[8,2]     0.9998622  1.0014862
p.fac2[9,2]     0.9997584  1.0014679
p.fac2[10,2]    1.0014009  1.0048093
p.fac2[11,2]    1.0003701  1.0037472
p.fac2[12,2]    1.0002271  1.0022765
p.fac2[13,2]    0.9998894  1.0021247
p.fac2[14,2]    1.0040055  1.0113138
p.fac2[15,2]    1.0000563  1.0020488
p.fac2[16,2]    1.0009200  1.0019769
p.fac2[17,2]    1.0014071  1.0051287
p.fac2[18,2]    1.0003868  1.0013297
p.fac2[19,2]    0.9991738  0.9991901
p.fac2[20,2]    0.9994854  1.0001632
p.fac2[21,2]    0.9996034  1.0009707
p.fac2[22,2]    0.9998175  1.0008021
p.fac2[23,2]    0.9991463  0.9994837
p.fac2[1,3]     1.0063809  1.0072203
p.fac2[2,3]     1.0070602  1.0080281
p.fac2[3,3]     1.0027234  1.0085895
p.fac2[4,3]     1.0040524  1.0074016
p.fac2[5,3]     1.0111199  1.0267221
p.fac2[6,3]     1.0004672  1.0017423
p.fac2[7,3]     0.9990464  0.9991047
p.fac2[8,3]     1.0026214  1.0042704
p.fac2[9,3]     1.0060845  1.0084753
p.fac2[10,3]    1.0028529  1.0036383
p.fac2[11,3]    1.0084632  1.0181136
p.fac2[12,3]    1.0111450  1.0164032
p.fac2[13,3]    1.0050798  1.0061218
p.fac2[14,3]    1.0008702  1.0049317
p.fac2[15,3]    1.0035301  1.0093411
p.fac2[16,3]    1.0064357  1.0126362
p.fac2[17,3]    1.0103290  1.0140573
p.fac2[18,3]    1.0017860  1.0088008
p.fac2[19,3]    1.0022867  1.0050088
p.fac2[20,3]    1.0043190  1.0097205
p.fac2[21,3]    1.0070745  1.0143835
p.fac2[22,3]    1.0021973  1.0057378
p.fac2[23,3]    1.0072205  1.0186891
p.global[1]     1.0181239  1.0649514
p.global[2]     1.0004848  1.0011160
p.global[3]     1.0198026  1.0705344

################################################################################
# Geweke Diagnostic
################################################################################

The Geweke diagnostic is a standard z-score, so we'd expect 5% to be outside +/-1.96
Number of variables outside +/-1.96 in each chain (out of 
341
):


       Chain 1 Chain 2 Chain 3
Geweke      12       6      24


And here are the Geweke diagnostics for all variables:

               chain1 chain2 chain3
deviance       -1.900 -1.022  0.898
fac1.sig        0.454  1.007  0.646
fac2.sig       -0.128 -0.337  2.696
ilr.fac1[1,1]   0.807  0.993  0.907
ilr.fac1[2,1]  -0.476 -1.264 -0.667
ilr.fac1[3,1]   1.501  0.502  1.254
ilr.fac1[4,1]   1.720  1.782  0.509
ilr.fac1[5,1]   0.642  0.791  1.944
ilr.fac1[1,2]   0.222 -1.460 -1.485
ilr.fac1[2,2]   2.206 -0.991  0.423
ilr.fac1[3,2]  -0.015 -0.716 -0.020
ilr.fac1[4,2]   1.473 -1.219  0.239
ilr.fac1[5,2]   0.168 -1.372 -1.751
ilr.fac2[1,1]   0.471 -1.080  0.688
ilr.fac2[2,1]  -0.515  1.072  0.987
ilr.fac2[3,1]  -1.065  0.279  0.263
ilr.fac2[4,1]  -0.364  0.579  0.075
ilr.fac2[5,1]   0.852 -0.365 -0.016
ilr.fac2[6,1]  -1.000  2.087 -0.563
ilr.fac2[7,1]  -0.584 -0.979 -1.250
ilr.fac2[8,1]  -1.036  1.282  1.578
ilr.fac2[9,1]  -0.848  0.081 -0.091
ilr.fac2[10,1] -0.211  1.545 -1.066
ilr.fac2[11,1] -0.517  0.203 -0.132
ilr.fac2[12,1] -0.004 -0.291  2.623
ilr.fac2[13,1] -0.129  0.905 -0.760
ilr.fac2[14,1]  1.300  0.940 -0.340
ilr.fac2[15,1] -0.062 -0.567 -1.089
ilr.fac2[16,1]  1.975  0.605  2.831
ilr.fac2[17,1] -0.608 -0.492 -0.118
ilr.fac2[18,1]  1.364  1.418 -0.733
ilr.fac2[19,1]  0.495 -0.269  0.856
ilr.fac2[20,1] -0.250 -0.913  1.308
ilr.fac2[21,1] -0.648 -1.016  1.199
ilr.fac2[22,1]  2.496 -1.749 -0.635
ilr.fac2[23,1] -0.243  0.011  0.241
ilr.fac2[1,2]   0.613  0.845  0.455
ilr.fac2[2,2]   1.361  0.075  0.847
ilr.fac2[3,2]   1.279 -0.196  1.672
ilr.fac2[4,2]   1.379 -0.637 -0.029
ilr.fac2[5,2]  -1.461  0.840  1.260
ilr.fac2[6,2]   1.616  0.435  2.928
ilr.fac2[7,2]   0.216 -0.057  1.127
ilr.fac2[8,2]   2.328 -0.233 -0.667
ilr.fac2[9,2]   0.845  0.314  2.090
ilr.fac2[10,2]  0.231 -1.121  0.820
ilr.fac2[11,2] -0.237 -0.431 -0.331
ilr.fac2[12,2] -0.118  1.092 -0.886
ilr.fac2[13,2]  0.188 -1.695 -0.096
ilr.fac2[14,2] -1.258  0.182 -0.862
ilr.fac2[15,2]  0.212  1.369 -0.661
ilr.fac2[16,2] -1.917  0.500 -1.239
ilr.fac2[17,2]  1.151  1.634  1.290
ilr.fac2[18,2] -0.313 -0.321 -0.676
ilr.fac2[19,2]  0.575  1.030  0.149
ilr.fac2[20,2] -2.478 -1.095 -1.155
ilr.fac2[21,2] -0.960 -0.744 -1.448
ilr.fac2[22,2]  0.029  0.558  1.140
ilr.fac2[23,2] -0.283 -0.685 -1.777
loglik[1]      -0.225  0.497  0.060
loglik[2]      -0.069  0.485  0.197
loglik[3]      -0.236  0.649  0.979
loglik[4]      -0.163  0.842  0.912
loglik[5]      -0.149  0.439  0.844
loglik[6]      -0.246  0.426  0.165
loglik[7]      -0.181  0.567  0.884
loglik[8]      -0.123  0.103  0.817
loglik[9]      -0.120 -0.355  0.981
loglik[10]     -0.107  0.820 -0.646
loglik[11]     -0.124  0.960  0.229
loglik[12]     -0.039  0.929 -0.117
loglik[13]     -0.148 -0.373  0.944
loglik[14]      0.432  0.238  0.748
loglik[15]      1.263  0.083 -0.957
loglik[16]      0.666 -0.032 -1.265
loglik[17]      1.726  0.211 -0.479
loglik[18]      1.906  0.675  1.346
loglik[19]      1.359  0.395  0.573
loglik[20]     -1.192 -0.422 -2.323
loglik[21]      0.017 -0.145 -0.652
loglik[22]      0.527 -0.002 -1.018
loglik[23]      0.012 -0.086 -1.115
loglik[24]      0.352 -0.033 -1.068
loglik[25]      0.794  0.079 -0.336
loglik[26]     -0.100 -0.230 -1.941
loglik[27]      1.807  0.309 -0.126
loglik[28]      1.511  0.163 -0.673
loglik[29]      2.190  0.387  0.172
loglik[30]      1.401  0.446  0.805
loglik[31]      0.314 -0.320 -0.191
loglik[32]      0.438  0.748  0.605
loglik[33]      0.252 -1.096 -0.400
loglik[34]      0.328 -0.831 -0.345
loglik[35]      0.315  1.029  0.509
loglik[36]     -0.276 -0.884 -0.362
loglik[37]      0.477  1.021  1.147
loglik[38]      1.387  0.887  0.560
loglik[39]      1.470  1.617 -0.207
loglik[40]      0.433  0.662  0.551
loglik[41]      0.725  1.453  0.271
loglik[42]      0.693  1.140  0.404
loglik[43]     -0.469 -0.949 -1.017
loglik[44]      0.557  1.667 -1.191
loglik[45]      0.066  0.566 -1.289
loglik[46]     -0.571 -0.946 -0.707
loglik[47]     -2.005 -1.079 -0.753
loglik[48]      0.685 -0.888  0.535
loglik[49]      1.199 -1.108  0.911
loglik[50]      0.967 -0.872  0.779
loglik[51]     -0.414 -1.028  0.233
loglik[52]      1.289 -0.304  0.892
loglik[53]      0.145  0.430 -0.160
loglik[54]     -0.508  0.963 -0.743
loglik[55]     -0.291  0.864  0.363
loglik[56]     -0.565  0.594 -0.720
loglik[57]      0.396  0.129  0.715
loglik[58]      0.070  0.681  0.602
loglik[59]      0.815 -0.196  0.662
loglik[60]      0.806  0.493  0.468
loglik[61]      1.343  0.003  0.814
loglik[62]      0.621  0.011  0.715
loglik[63]     -0.557  0.156  0.659
loglik[64]      0.688 -0.688 -0.615
loglik[65]      0.771 -1.250 -0.410
loglik[66]      0.548 -0.635 -0.345
loglik[67]      1.188 -1.591 -0.854
loglik[68]     -1.460 -0.020 -0.123
loglik[69]     -0.581  0.699 -0.534
loglik[70]     -0.518  0.804 -0.540
loglik[71]     -0.486  0.771 -0.571
loglik[72]      0.337  0.303 -0.526
loglik[73]      0.836  0.133  0.180
loglik[74]     -0.657 -0.707 -0.799
loglik[75]      2.384 -1.040 -0.911
loglik[76]     -0.209  0.865 -0.719
loglik[77]      1.482  0.281  0.781
loglik[78]      1.634  0.770  0.693
loglik[79]      0.029  0.750  0.061
loglik[80]      0.190  0.136  0.911
loglik[81]      1.549 -0.278  0.558
loglik[82]     -0.657 -0.288 -0.778
loglik[83]     -0.847  0.155  0.486
loglik[84]      0.699  0.013  1.792
loglik[85]      1.337  0.025  0.684
loglik[86]     -1.603 -0.424 -1.249
loglik[87]      0.483  0.583  1.182
loglik[88]      0.980  0.095  0.351
loglik[89]      0.275 -1.956 -0.301
loglik[90]     -0.095  0.665 -1.086
loglik[91]      0.562  0.107  0.282
loglik[92]     -1.621 -0.188 -1.436
loglik[93]      0.708  0.187 -0.026
loglik[94]      0.073  0.469 -0.025
loglik[95]      1.451  0.672  0.740
loglik[96]     -0.645  0.479 -0.301
loglik[97]      0.981 -0.047 -0.096
loglik[98]      2.741  0.577 -1.057
loglik[99]      0.780  0.558  1.753
loglik[100]     2.340  0.384  1.575
loglik[101]     2.170 -0.532 -0.382
loglik[102]     1.183 -1.572 -0.839
loglik[103]     0.783 -1.521 -0.497
loglik[104]    -0.853  1.559  0.384
loglik[105]    -1.573  0.152 -0.004
loglik[106]    -1.760 -0.297  0.010
loglik[107]    -1.677  0.500  0.277
loglik[108]     1.376  0.211  0.571
loglik[109]    -1.716 -0.317 -0.058
loglik[110]    -1.413  0.160 -0.115
loglik[111]    -0.132  0.116 -0.639
loglik[112]    -1.811 -0.237  0.157
loglik[113]    -1.764 -0.114  0.152
loglik[114]     0.504 -0.794  0.044
loglik[115]     1.185  0.136  0.583
loglik[116]     1.471  0.175  0.841
loglik[117]     1.412  0.193  0.780
loglik[118]     0.048  0.587  0.207
loglik[119]    -0.979  0.858 -0.042
loglik[120]    -1.186  0.373 -0.211
loglik[121]     0.692  0.274  1.484
loglik[122]     0.452 -0.455  1.625
loglik[123]     0.360  1.032  1.023
loglik[124]    -0.985  0.827 -0.306
loglik[125]    -0.814  1.351  0.337
loglik[126]     0.375  0.020  0.352
loglik[127]     1.360 -0.352 -0.126
loglik[128]     0.231  0.337  0.251
loglik[129]     0.547  0.767  2.440
loglik[130]     0.516 -0.091  1.592
loglik[131]    -1.366 -0.308 -0.849
loglik[132]    -1.524 -0.154 -1.166
loglik[133]    -1.531  0.173  0.385
loglik[134]    -0.966 -0.665 -2.153
loglik[135]     1.279 -0.995  1.024
loglik[136]    -1.690 -0.130  0.125
loglik[137]     1.550  0.731  0.665
loglik[138]    -0.778  0.138 -1.244
loglik[139]    -0.783 -0.042 -0.560
loglik[140]    -1.194  0.098 -1.445
loglik[141]     1.024 -0.573  0.358
loglik[142]     1.668  0.223  0.460
loglik[143]    -1.305 -0.112 -1.614
loglik[144]    -0.374 -0.648 -1.271
loglik[145]    -0.804  0.537 -2.343
loglik[146]     0.155 -0.775  0.158
loglik[147]    -1.139  0.783 -1.714
loglik[148]     0.874  1.547  0.162
loglik[149]     0.631  0.936  0.147
loglik[150]     0.107  0.361 -0.521
loglik[151]     0.801  0.314 -0.708
loglik[152]    -0.616  0.200 -0.449
loglik[153]    -0.010  0.633  0.334
loglik[154]     1.494  0.136 -0.851
loglik[155]    -0.080  1.096 -2.108
loglik[156]    -0.565 -0.947 -1.521
loglik[157]    -0.163  0.275 -0.646
loglik[158]    -0.511 -0.069 -1.499
loglik[159]     0.204  0.632  0.697
loglik[160]     0.352 -0.730  0.246
loglik[161]     0.864  0.387 -1.200
loglik[162]     0.484  0.172 -0.084
loglik[163]    -0.194 -0.683 -0.522
loglik[164]    -1.175 -0.455 -2.698
loglik[165]     2.315  0.478 -1.048
loglik[166]    -0.196  0.522 -0.251
loglik[167]    -0.514 -0.046 -1.039
loglik[168]     1.051  0.959  0.463
loglik[169]     0.796  0.176 -0.359
loglik[170]    -0.587 -1.067 -1.012
loglik[171]    -0.505 -0.833 -0.728
loglik[172]     1.423 -0.460 -0.101
loglik[173]    -0.402 -1.193 -2.560
loglik[174]    -0.747 -0.962 -2.200
loglik[175]    -0.389  1.054 -1.193
loglik[176]    -0.019 -0.097  0.851
loglik[177]     0.085  0.213  0.829
loglik[178]    -0.488 -0.881 -0.552
loglik[179]    -0.486 -0.866 -0.978
loglik[180]     1.757 -0.146  1.260
loglik[181]     0.089  2.331  0.849
loglik[182]    -0.278  0.386  0.486
loglik[183]    -0.783  0.748  0.207
loglik[184]     1.094  0.295 -1.834
loglik[185]    -0.597 -1.022 -0.687
loglik[186]    -0.547 -0.762 -0.432
loglik[187]     1.165  0.385 -1.917
loglik[188]     0.820  1.285  2.167
loglik[189]     0.684  1.663  2.018
loglik[190]     0.544 -0.479 -0.898
loglik[191]     0.617 -0.299 -0.930
loglik[192]     0.679  1.686  1.995
loglik[193]     0.713  1.951  0.463
loglik[194]    -0.708  0.747 -0.833
loglik[195]    -0.142  0.448 -2.189
p.fac1[1,1]     0.596 -0.708 -1.969
p.fac1[2,1]    -0.150 -1.482 -1.357
p.fac1[3,1]     0.908  0.314 -0.695
p.fac1[4,1]     1.872  0.515 -0.860
p.fac1[5,1]    -0.011 -0.645 -1.101
p.fac1[1,2]    -0.214  1.373  1.189
p.fac1[2,2]     0.760  1.933  1.468
p.fac1[3,2]    -0.763  1.943  1.356
p.fac1[4,2]    -0.171  1.293  1.905
p.fac1[5,2]    -0.066  1.357  0.637
p.fac1[1,3]    -0.027 -0.663  0.169
p.fac1[2,3]    -0.851 -1.552 -1.206
p.fac1[3,3]     0.128 -1.656 -1.004
p.fac1[4,3]    -1.197 -1.444 -1.569
p.fac1[5,3]     0.059 -0.668  0.600
p.fac2[1,1]     1.201 -1.211 -1.053
p.fac2[2,1]     0.537  0.201 -0.468
p.fac2[3,1]     0.181 -0.584 -1.010
p.fac2[4,1]     0.806 -0.277 -1.763
p.fac2[5,1]     0.487 -0.495 -0.926
p.fac2[6,1]     0.437  0.791 -0.956
p.fac2[7,1]    -0.156 -1.102 -1.846
p.fac2[8,1]     0.476  0.352 -0.487
p.fac2[9,1]     0.094 -0.460 -1.073
p.fac2[10,1]    0.338  0.175 -1.680
p.fac2[11,1]   -0.038 -0.727 -2.331
p.fac2[12,1]    0.586 -0.304 -0.065
p.fac2[13,1]    1.444  0.168 -1.176
p.fac2[14,1]    0.271 -0.834 -1.363
p.fac2[15,1]   -0.007 -1.664 -2.485
p.fac2[16,1]    1.371 -0.161  0.006
p.fac2[17,1]    0.297 -0.316 -0.698
p.fac2[18,1]    0.600 -0.012 -1.544
p.fac2[19,1]    0.717 -0.213 -0.706
p.fac2[20,1]    0.936 -0.610 -0.719
p.fac2[21,1]    0.590 -0.774 -0.645
p.fac2[22,1]    1.754 -1.426 -1.741
p.fac2[23,1]   -0.057 -0.712 -1.974
p.fac2[1,2]    -0.275  1.665  1.006
p.fac2[2,2]     0.183  0.296  0.682
p.fac2[3,2]     0.443  1.033  1.507
p.fac2[4,2]     0.225  0.632  0.962
p.fac2[5,2]    -0.604  1.095  1.880
p.fac2[6,2]     0.492  0.150  1.613
p.fac2[7,2]     0.362  1.018  1.881
p.fac2[8,2]     1.066  0.038  0.175
p.fac2[9,2]     0.235  1.142  1.402
p.fac2[10,2]   -0.163 -0.278  1.833
p.fac2[11,2]    0.056  1.325  1.547
p.fac2[12,2]   -0.317  1.499 -0.156
p.fac2[13,2]   -0.760  0.608  1.759
p.fac2[14,2]   -0.175  1.835  1.371
p.fac2[15,2]    0.579  2.275  2.132
p.fac2[16,2]   -0.958  0.947 -0.211
p.fac2[17,2]    0.169  1.344  1.187
p.fac2[18,2]   -0.378  0.385  1.071
p.fac2[19,2]   -0.244  1.270  0.703
p.fac2[20,2]   -1.065  1.259  0.940
p.fac2[21,2]   -0.270  1.750  0.883
p.fac2[22,2]   -1.080  2.044  1.965
p.fac2[23,2]   -0.360  1.001  0.370
p.fac2[1,3]    -0.663 -1.102 -0.351
p.fac2[2,3]    -0.799 -0.570 -0.474
p.fac2[3,3]    -0.737 -0.539 -1.091
p.fac2[4,3]    -0.944 -0.567 -0.158
p.fac2[5,3]     0.712 -0.909 -1.198
p.fac2[6,3]    -1.119 -0.660 -2.275
p.fac2[7,3]    -0.398 -0.323 -1.046
p.fac2[8,3]    -1.899 -0.377  0.241
p.fac2[9,3]    -0.481 -1.039 -0.956
p.fac2[10,3]   -0.093  0.097 -0.427
p.fac2[11,3]   -0.039 -0.968  0.196
p.fac2[12,3]   -0.009 -0.854  0.308
p.fac2[13,3]   -0.264 -0.735 -1.390
p.fac2[14,3]    0.018 -1.504 -1.233
p.fac2[15,3]   -0.777 -2.306 -1.035
p.fac2[16,3]    0.671 -0.883  0.362
p.fac2[17,3]   -0.518 -1.334 -1.139
p.fac2[18,3]    0.132 -0.426  0.586
p.fac2[19,3]   -0.204 -1.508 -0.338
p.fac2[20,3]    0.357 -0.624 -0.574
p.fac2[21,3]   -0.104 -1.453 -0.815
p.fac2[22,3]   -0.102 -0.919 -1.077
p.fac2[23,3]    0.442 -0.483  1.716
p.global[1]    -0.555  0.345 -1.148
p.global[2]    -0.005  2.664  1.312
p.global[3]     0.273 -1.277 -1.169
