
################################################################################
# Gelman-Rubin Diagnostic
################################################################################

Generally the Gelman diagnostic should be < 1.05


Out of 703 variables: 13 > 1.01

                      
0 > 1.05

                      
0 > 1.1


The worst variables are:

              Point est. Upper C.I.
ilr.global[1]   1.021466   1.030014
ilr.global[2]   1.021080   1.070727
p.global[2]     1.014905   1.031021
p.fac1[2,2]     1.013723   1.017078
p.global[3]     1.013221   1.047643
p.fac1[1,2]     1.012752   1.023587
ilr.fac1[2,2]   1.012646   1.046110
loglik[15]      1.012636   1.024797
p.ind[114,2]    1.011831   1.024978
p.ind[126,2]    1.011423   1.023216


And here are the Gelman diagnostics for all variables:

               Point est. Upper C.I.
deviance        1.0015031  1.0074721
fac1.sig        1.0007222  1.0044413
fac2.sig        1.0011716  1.0029334
ilr.cont1[1]    1.0052512  1.0210088
ilr.cont1[2]    1.0094130  1.0315251
ilr.fac1[1,1]   1.0002072  1.0014565
ilr.fac1[2,1]   1.0098811  1.0129667
ilr.fac1[3,1]   1.0013713  1.0030492
ilr.fac1[4,1]   1.0002063  1.0009538
ilr.fac1[5,1]   1.0022985  1.0036817
ilr.fac1[1,2]   1.0035161  1.0072336
ilr.fac1[2,2]   1.0126459  1.0461100
ilr.fac1[3,2]   1.0079767  1.0258136
ilr.fac1[4,2]   1.0015398  1.0064499
ilr.fac1[5,2]   1.0088010  1.0187170
ilr.fac2[1,1]   0.9992196  0.9996830
ilr.fac2[2,1]   1.0004154  1.0017483
ilr.fac2[3,1]   0.9999405  0.9999604
ilr.fac2[4,1]   1.0011608  1.0043631
ilr.fac2[5,1]   1.0006876  1.0011264
ilr.fac2[6,1]   0.9998621  1.0021127
ilr.fac2[7,1]   1.0002014  1.0022502
ilr.fac2[8,1]   1.0030633  1.0095167
ilr.fac2[9,1]   1.0000480  1.0026337
ilr.fac2[10,1]  0.9991672  0.9993400
ilr.fac2[11,1]  1.0004690  1.0040056
ilr.fac2[12,1]  1.0008978  1.0053220
ilr.fac2[13,1]  1.0004761  1.0019080
ilr.fac2[14,1]  1.0022269  1.0033935
ilr.fac2[15,1]  1.0011184  1.0063726
ilr.fac2[16,1]  1.0016116  1.0022501
ilr.fac2[1,2]   1.0011017  1.0028545
ilr.fac2[2,2]   1.0014293  1.0055891
ilr.fac2[3,2]   1.0004775  1.0028934
ilr.fac2[4,2]   1.0004244  1.0025819
ilr.fac2[5,2]   1.0022628  1.0101539
ilr.fac2[6,2]   0.9994630  0.9998197
ilr.fac2[7,2]   1.0034787  1.0101527
ilr.fac2[8,2]   1.0036822  1.0116428
ilr.fac2[9,2]   0.9993747  0.9999810
ilr.fac2[10,2]  0.9995786  0.9998760
ilr.fac2[11,2]  1.0010303  1.0043132
ilr.fac2[12,2]  0.9999318  1.0014609
ilr.fac2[13,2]  1.0002819  1.0029807
ilr.fac2[14,2]  1.0024413  1.0030941
ilr.fac2[15,2]  1.0022149  1.0033843
ilr.fac2[16,2]  0.9993292  0.9993341
ilr.global[1]   1.0214657  1.0300137
ilr.global[2]   1.0210804  1.0707270
loglik[1]       0.9992190  0.9993969
loglik[2]       1.0001003  1.0009288
loglik[3]       1.0012357  1.0027239
loglik[4]       1.0037199  1.0069649
loglik[5]       1.0019149  1.0071715
loglik[6]       1.0034753  1.0084143
loglik[7]       1.0034165  1.0095630
loglik[8]       1.0040340  1.0107644
loglik[9]       1.0000045  1.0005785
loglik[10]      1.0026606  1.0095025
loglik[11]      1.0017687  1.0034347
loglik[12]      1.0013054  1.0022058
loglik[13]      1.0044151  1.0097769
loglik[14]      1.0004353  1.0013317
loglik[15]      1.0126364  1.0247973
loglik[16]      1.0028084  1.0096537
loglik[17]      1.0019231  1.0067868
loglik[18]      1.0014649  1.0061169
loglik[19]      0.9998474  1.0020415
loglik[20]      1.0001205  1.0021783
loglik[21]      1.0010022  1.0035879
loglik[22]      1.0018063  1.0048630
loglik[23]      0.9991116  0.9994085
loglik[24]      1.0010398  1.0047973
loglik[25]      1.0008322  1.0032445
loglik[26]      0.9991431  0.9993500
loglik[27]      1.0033550  1.0119970
loglik[28]      1.0008527  1.0038003
loglik[29]      1.0013710  1.0064215
loglik[30]      0.9996483  1.0012833
loglik[31]      1.0014392  1.0051418
loglik[32]      1.0047554  1.0116096
loglik[33]      0.9991970  0.9993697
loglik[34]      1.0004893  1.0006341
loglik[35]      1.0002117  1.0010789
loglik[36]      1.0001650  1.0028601
loglik[37]      1.0000621  1.0009424
loglik[38]      1.0014321  1.0070515
loglik[39]      1.0020016  1.0052029
loglik[40]      0.9994109  0.9997470
loglik[41]      1.0012965  1.0060513
loglik[42]      0.9999058  1.0001531
loglik[43]      0.9998896  1.0009541
loglik[44]      1.0020526  1.0072118
loglik[45]      1.0007336  1.0039133
loglik[46]      1.0023308  1.0080191
loglik[47]      1.0013264  1.0062793
loglik[48]      1.0005080  1.0042396
loglik[49]      1.0014599  1.0021816
loglik[50]      1.0008538  1.0047062
loglik[51]      0.9991512  0.9993893
loglik[52]      1.0036560  1.0121411
loglik[53]      0.9993513  0.9994533
loglik[54]      1.0023510  1.0080053
loglik[55]      1.0014874  1.0059102
loglik[56]      1.0048847  1.0116502
loglik[57]      1.0036964  1.0094868
loglik[58]      1.0046549  1.0116516
loglik[59]      0.9998847  1.0002489
loglik[60]      1.0027412  1.0069104
loglik[61]      1.0001022  1.0003545
loglik[62]      0.9997850  1.0013455
loglik[63]      1.0019988  1.0028856
loglik[64]      0.9993760  0.9994399
loglik[65]      0.9996361  0.9999554
loglik[66]      0.9994517  1.0002611
loglik[67]      0.9993241  0.9996711
loglik[68]      1.0000531  1.0003909
loglik[69]      1.0003874  1.0037596
loglik[70]      1.0002040  1.0027269
loglik[71]      1.0017289  1.0082096
loglik[72]      0.9996369  1.0008775
loglik[73]      1.0018749  1.0067307
loglik[74]      1.0001101  1.0009424
loglik[75]      0.9999106  1.0008640
loglik[76]      1.0019353  1.0069430
loglik[77]      0.9995334  1.0003780
loglik[78]      1.0043034  1.0082026
loglik[79]      1.0007472  1.0016314
loglik[80]      0.9999009  1.0013148
loglik[81]      0.9995678  1.0006158
loglik[82]      1.0014691  1.0025909
loglik[83]      0.9997581  0.9997894
loglik[84]      1.0015693  1.0038102
loglik[85]      0.9999832  1.0010222
loglik[86]      1.0020330  1.0062945
loglik[87]      0.9996432  1.0007876
loglik[88]      1.0035133  1.0049929
loglik[89]      1.0002959  1.0024204
loglik[90]      1.0028530  1.0108823
loglik[91]      0.9991962  0.9992202
loglik[92]      0.9998219  1.0004689
loglik[93]      1.0013291  1.0051088
loglik[94]      1.0016475  1.0059463
loglik[95]      1.0003238  1.0035224
loglik[96]      1.0013704  1.0062928
loglik[97]      1.0011474  1.0066028
loglik[98]      1.0012862  1.0068656
loglik[99]      1.0022376  1.0096305
loglik[100]     0.9994531  0.9999111
loglik[101]     1.0014390  1.0069555
loglik[102]     1.0012016  1.0041501
loglik[103]     1.0004565  1.0013625
loglik[104]     1.0002531  1.0021589
loglik[105]     1.0021151  1.0087338
loglik[106]     1.0024984  1.0101323
loglik[107]     0.9999567  1.0011024
loglik[108]     1.0022629  1.0094612
loglik[109]     1.0002143  1.0006411
loglik[110]     0.9997379  1.0005853
loglik[111]     1.0019870  1.0050943
loglik[112]     1.0014925  1.0055559
loglik[113]     1.0020071  1.0067323
loglik[114]     1.0013873  1.0063639
loglik[115]     0.9995683  0.9997304
loglik[116]     1.0001275  1.0008226
loglik[117]     0.9991871  0.9994143
loglik[118]     1.0014499  1.0040441
loglik[119]     0.9998743  1.0012575
loglik[120]     1.0023821  1.0102774
loglik[121]     1.0027985  1.0127790
loglik[122]     1.0027940  1.0093049
loglik[123]     1.0013318  1.0074022
loglik[124]     1.0038025  1.0091798
loglik[125]     1.0018015  1.0039246
loglik[126]     1.0006944  1.0035335
loglik[127]     0.9991174  0.9994212
loglik[128]     1.0048436  1.0059233
loglik[129]     1.0029097  1.0130675
loglik[130]     1.0024187  1.0114736
loglik[131]     0.9995736  0.9999948
loglik[132]     1.0002201  1.0006724
loglik[133]     1.0020516  1.0042349
loglik[134]     1.0006009  1.0037842
loglik[135]     1.0010994  1.0061386
loglik[136]     1.0000565  1.0022291
loglik[137]     1.0027430  1.0092895
loglik[138]     1.0009298  1.0028312
loglik[139]     1.0001142  1.0023605
loglik[140]     0.9999825  1.0025240
loglik[141]     1.0045029  1.0106079
loglik[142]     1.0005353  1.0026133
loglik[143]     1.0001801  1.0023937
loglik[144]     0.9999262  1.0014254
loglik[145]     0.9996263  0.9998516
loglik[146]     1.0055924  1.0174691
loglik[147]     0.9997948  1.0011183
p.fac1[1,1]     1.0091167  1.0136581
p.fac1[2,1]     1.0064844  1.0150832
p.fac1[3,1]     1.0033128  1.0134252
p.fac1[4,1]     1.0068952  1.0193732
p.fac1[5,1]     1.0046514  1.0080579
p.fac1[1,2]     1.0127520  1.0235871
p.fac1[2,2]     1.0137227  1.0170778
p.fac1[3,2]     1.0060507  1.0076662
p.fac1[4,2]     1.0059315  1.0129459
p.fac1[5,2]     1.0067685  1.0164252
p.fac1[1,3]     1.0060764  1.0156581
p.fac1[2,3]     1.0071396  1.0170310
p.fac1[3,3]     1.0041366  1.0103259
p.fac1[4,3]     1.0052514  1.0159083
p.fac1[5,3]     1.0009672  1.0057522
p.fac2[1,1]     1.0018693  1.0073177
p.fac2[2,1]     1.0008377  1.0031146
p.fac2[3,1]     1.0009172  1.0032050
p.fac2[4,1]     1.0033281  1.0037052
p.fac2[5,1]     1.0016082  1.0051886
p.fac2[6,1]     1.0047991  1.0110614
p.fac2[7,1]     1.0041700  1.0092945
p.fac2[8,1]     1.0058045  1.0171511
p.fac2[9,1]     1.0050593  1.0108808
p.fac2[10,1]    1.0071985  1.0145258
p.fac2[11,1]    1.0016189  1.0057310
p.fac2[12,1]    1.0059013  1.0213881
p.fac2[13,1]    1.0030901  1.0103168
p.fac2[14,1]    1.0059735  1.0148764
p.fac2[15,1]    1.0029231  1.0115791
p.fac2[16,1]    1.0011910  1.0046565
p.fac2[1,2]     1.0012047  1.0021214
p.fac2[2,2]     1.0040598  1.0117717
p.fac2[3,2]     1.0030675  1.0047493
p.fac2[4,2]     1.0030259  1.0043346
p.fac2[5,2]     1.0045488  1.0124576
p.fac2[6,2]     1.0029376  1.0034853
p.fac2[7,2]     1.0073590  1.0178112
p.fac2[8,2]     1.0059542  1.0104571
p.fac2[9,2]     1.0040275  1.0105623
p.fac2[10,2]    1.0054754  1.0071292
p.fac2[11,2]    1.0043585  1.0119992
p.fac2[12,2]    1.0028675  1.0098350
p.fac2[13,2]    1.0022927  1.0032585
p.fac2[14,2]    1.0096563  1.0183220
p.fac2[15,2]    0.9996533  1.0004984
p.fac2[16,2]    1.0037836  1.0151126
p.fac2[1,3]     1.0025948  1.0074472
p.fac2[2,3]     1.0019484  1.0093410
p.fac2[3,3]     1.0009323  1.0052712
p.fac2[4,3]     1.0043355  1.0121888
p.fac2[5,3]     1.0025396  1.0116155
p.fac2[6,3]     1.0044739  1.0160650
p.fac2[7,3]     1.0056150  1.0168315
p.fac2[8,3]     1.0031552  1.0040093
p.fac2[9,3]     1.0032247  1.0139254
p.fac2[10,3]    1.0019690  1.0078528
p.fac2[11,3]    1.0029951  1.0131846
p.fac2[12,3]    1.0033700  1.0129593
p.fac2[13,3]    1.0008956  1.0039059
p.fac2[14,3]    1.0083272  1.0201358
p.fac2[15,3]    1.0035449  1.0123261
p.fac2[16,3]    1.0056046  1.0214233
p.global[1]     1.0079136  1.0212984
p.global[2]     1.0149052  1.0310214
p.global[3]     1.0132213  1.0476434
p.ind[1,1]      1.0034125  1.0043724
p.ind[2,1]      1.0034462  1.0049463
p.ind[3,1]      1.0033785  1.0056271
p.ind[4,1]      1.0032676  1.0058817
p.ind[5,1]      1.0025474  1.0058235
p.ind[6,1]      1.0025013  1.0057833
p.ind[7,1]      1.0026595  1.0059093
p.ind[8,1]      1.0020843  1.0053089
p.ind[9,1]      1.0022804  1.0055551
p.ind[10,1]     1.0017589  1.0048199
p.ind[11,1]     1.0019299  1.0050888
p.ind[12,1]     1.0019201  1.0050742
p.ind[13,1]     1.0016426  1.0046222
p.ind[14,1]     1.0016100  1.0054852
p.ind[15,1]     1.0020970  1.0046117
p.ind[16,1]     1.0056250  1.0195091
p.ind[17,1]     1.0012649  1.0051247
p.ind[18,1]     1.0027875  1.0112580
p.ind[19,1]     1.0030416  1.0117338
p.ind[20,1]     1.0032223  1.0086285
p.ind[21,1]     1.0052886  1.0127985
p.ind[22,1]     1.0051668  1.0122832
p.ind[23,1]     1.0010375  1.0048865
p.ind[24,1]     1.0041401  1.0092980
p.ind[25,1]     1.0037531  1.0091539
p.ind[26,1]     1.0011821  1.0050923
p.ind[27,1]     1.0045108  1.0088191
p.ind[28,1]     1.0045382  1.0086453
p.ind[29,1]     1.0051279  1.0115564
p.ind[30,1]     1.0008605  1.0045722
p.ind[31,1]     1.0012244  1.0051297
p.ind[32,1]     1.0072738  1.0151821
p.ind[33,1]     1.0008605  1.0045722
p.ind[34,1]     1.0030416  1.0117338
p.ind[35,1]     1.0027875  1.0112580
p.ind[36,1]     1.0051668  1.0122832
p.ind[37,1]     1.0013533  1.0049615
p.ind[38,1]     1.0052322  1.0125462
p.ind[39,1]     1.0072358  1.0147471
p.ind[40,1]     1.0013778  1.0050098
p.ind[41,1]     1.0029385  1.0116073
p.ind[42,1]     1.0005767  1.0024896
p.ind[43,1]     1.0005054  1.0022857
p.ind[44,1]     1.0072162  1.0146243
p.ind[45,1]     1.0010208  1.0048589
p.ind[46,1]     1.0042491  1.0092692
p.ind[47,1]     1.0045487  1.0080420
p.ind[48,1]     1.0010375  1.0048865
p.ind[49,1]     1.0045487  1.0080420
p.ind[50,1]     1.0049705  1.0115946
p.ind[51,1]     1.0014319  1.0051213
p.ind[52,1]     1.0072706  1.0150826
p.ind[53,1]     1.0068088  1.0157090
p.ind[54,1]     1.0042149  1.0092833
p.ind[55,1]     1.0050642  1.0120395
p.ind[56,1]     1.0044523  1.0090187
p.ind[57,1]     1.0072565  1.0154391
p.ind[58,1]     1.0072514  1.0148647
p.ind[59,1]     1.0005244  1.0023383
p.ind[60,1]     1.0072631  1.0149767
p.ind[61,1]     1.0071660  1.0143639
p.ind[62,1]     1.0024653  1.0035666
p.ind[63,1]     1.0059113  1.0198230
p.ind[64,1]     1.0011156  1.0050070
p.ind[65,1]     1.0011156  1.0050070
p.ind[66,1]     1.0016072  1.0054802
p.ind[67,1]     1.0014978  1.0052600
p.ind[68,1]     1.0015761  1.0054213
p.ind[69,1]     1.0026849  1.0109564
p.ind[70,1]     1.0051320  1.0141194
p.ind[71,1]     1.0027875  1.0112580
p.ind[72,1]     1.0047647  1.0138309
p.ind[73,1]     1.0030416  1.0117338
p.ind[74,1]     1.0005433  1.0024139
p.ind[75,1]     1.0030966  1.0117532
p.ind[76,1]     1.0023392  1.0080396
p.ind[77,1]     1.0030501  1.0117390
p.ind[78,1]     1.0033465  1.0112381
p.ind[79,1]     1.0046813  1.0121745
p.ind[80,1]     1.0008303  1.0031350
p.ind[81,1]     1.0034152  1.0043996
p.ind[82,1]     1.0035157  1.0108326
p.ind[83,1]     1.0034423  1.0047895
p.ind[84,1]     1.0013714  1.0049972
p.ind[85,1]     1.0072162  1.0146243
p.ind[86,1]     1.0049899  1.0105089
p.ind[87,1]     1.0005313  1.0023756
p.ind[88,1]     1.0030822  1.0102907
p.ind[89,1]     1.0018441  1.0072612
p.ind[90,1]     1.0055148  1.0185388
p.ind[91,1]     1.0044927  1.0120531
p.ind[92,1]     1.0058167  1.0205375
p.ind[93,1]     1.0052006  1.0124159
p.ind[94,1]     1.0046915  1.0107471
p.ind[95,1]     1.0005666  1.0024868
p.ind[96,1]     1.0008172  1.0031136
p.ind[97,1]     1.0042343  1.0095258
p.ind[98,1]     1.0045920  1.0104672
p.ind[99,1]     1.0034446  1.0048586
p.ind[100,1]    1.0014391  1.0051363
p.ind[101,1]    1.0051116  1.0112778
p.ind[102,1]    1.0049370  1.0102665
p.ind[103,1]    1.0033906  1.0041713
p.ind[104,1]    1.0015964  1.0055163
p.ind[105,1]    1.0034351  1.0052822
p.ind[106,1]    1.0032432  1.0108446
p.ind[107,1]    1.0015667  1.0053592
p.ind[108,1]    1.0031824  1.0106297
p.ind[109,1]    1.0005497  1.0024113
p.ind[110,1]    1.0044127  1.0091019
p.ind[111,1]    1.0063921  1.0153994
p.ind[112,1]    1.0040995  1.0092984
p.ind[113,1]    1.0072565  1.0154391
p.ind[114,1]    1.0046708  1.0136270
p.ind[115,1]    1.0014904  1.0052444
p.ind[116,1]    1.0012862  1.0043349
p.ind[117,1]    1.0014249  1.0051065
p.ind[118,1]    1.0053637  1.0190832
p.ind[119,1]    1.0058497  1.0207943
p.ind[120,1]    1.0054539  1.0181640
p.ind[121,1]    1.0054947  1.0184145
p.ind[122,1]    1.0028588  1.0095776
p.ind[123,1]    1.0056301  1.0192663
p.ind[124,1]    1.0050958  1.0185692
p.ind[125,1]    1.0038935  1.0156890
p.ind[126,1]    1.0053346  1.0145758
p.ind[127,1]    1.0016191  1.0067988
p.ind[128,1]    1.0014376  1.0065418
p.ind[129,1]    1.0055347  1.0186625
p.ind[130,1]    1.0056833  1.0196125
p.ind[131,1]    1.0007381  1.0029319
p.ind[132,1]    1.0009094  1.0032490
p.ind[133,1]    1.0041690  1.0164153
p.ind[134,1]    1.0032921  1.0118288
p.ind[135,1]    1.0054866  1.0147449
p.ind[136,1]    1.0018051  1.0071828
p.ind[137,1]    1.0029358  1.0098185
p.ind[138,1]    1.0027541  1.0107394
p.ind[139,1]    1.0018543  1.0072915
p.ind[140,1]    1.0018595  1.0073013
p.ind[141,1]    1.0053346  1.0145758
p.ind[142,1]    1.0018500  1.0072736
p.ind[143,1]    1.0018302  1.0072329
p.ind[144,1]    1.0015564  1.0067291
p.ind[145,1]    1.0015263  1.0051818
p.ind[146,1]    1.0059122  1.0149505
p.ind[147,1]    1.0016188  1.0057235
p.ind[1,2]      1.0036835  1.0056231
p.ind[2,2]      1.0042404  1.0069518
p.ind[3,2]      1.0049782  1.0090107
p.ind[4,2]      1.0053361  1.0101594
p.ind[5,2]      1.0061236  1.0133848
p.ind[6,2]      1.0061458  1.0135094
p.ind[7,2]      1.0060614  1.0130572
p.ind[8,2]      1.0062788  1.0144278
p.ind[9,2]      1.0062300  1.0140387
p.ind[10,2]     1.0063169  1.0149366
p.ind[11,2]     1.0063030  1.0146891
p.ind[12,2]     1.0063042  1.0147044
p.ind[13,2]     1.0063191  1.0150814
p.ind[14,2]     1.0023380  1.0046307
p.ind[15,2]     1.0027653  1.0113802
p.ind[16,2]     1.0059517  1.0128256
p.ind[17,2]     1.0024653  1.0110132
p.ind[18,2]     0.9998143  1.0009445
p.ind[19,2]     0.9996655  1.0004974
p.ind[20,2]     1.0083396  1.0239952
p.ind[21,2]     1.0040441  1.0055551
p.ind[22,2]     1.0037030  1.0048619
p.ind[23,2]     1.0009111  1.0058902
p.ind[24,2]     1.0074192  1.0181217
p.ind[25,2]     1.0079626  1.0212349
p.ind[26,2]     1.0016485  1.0083660
p.ind[27,2]     1.0060834  1.0122090
p.ind[28,2]     1.0057892  1.0111198
p.ind[29,2]     1.0049749  1.0130695
p.ind[30,2]     1.0002971  1.0037454
p.ind[31,2]     1.0019690  1.0094154
p.ind[32,2]     1.0062089  1.0086976
p.ind[33,2]     1.0002971  1.0037454
p.ind[34,2]     0.9996655  1.0004974
p.ind[35,2]     0.9998143  1.0009445
p.ind[36,2]     1.0037030  1.0048619
p.ind[37,2]     1.0008755  1.0012189
p.ind[38,2]     1.0038754  1.0052052
p.ind[39,2]     1.0057110  1.0076046
p.ind[40,2]     1.0009450  1.0012503
p.ind[41,2]     0.9996431  1.0004674
p.ind[42,2]     1.0011278  1.0011992
p.ind[43,2]     1.0009516  1.0018211
p.ind[44,2]     1.0055791  1.0073355
p.ind[45,2]     1.0008437  1.0056588
p.ind[46,2]     1.0071792  1.0169147
p.ind[47,2]     1.0049032  1.0081924
p.ind[48,2]     1.0009111  1.0058902
p.ind[49,2]     1.0049032  1.0081924
p.ind[50,2]     1.0032652  1.0040464
p.ind[51,2]     1.0011409  1.0015164
p.ind[52,2]     1.0060895  1.0084227
p.ind[53,2]     1.0073958  1.0123858
p.ind[54,2]     1.0072611  1.0173178
p.ind[55,2]     1.0059204  1.0157370
p.ind[56,2]     1.0064669  1.0137297
p.ind[57,2]     1.0065436  1.0095227
p.ind[58,2]     1.0058402  1.0078757
p.ind[59,2]     1.0009270  1.0011405
p.ind[60,2]     1.0059665  1.0081486
p.ind[61,2]     1.0053084  1.0068056
p.ind[62,2]     0.9995543  1.0003204
p.ind[63,2]     1.0060706  1.0125776
p.ind[64,2]     1.0012665  1.0070952
p.ind[65,2]     1.0012665  1.0070952
p.ind[66,2]     1.0023070  1.0045363
p.ind[67,2]     1.0014618  1.0021959
p.ind[68,2]     1.0020069  1.0036472
p.ind[69,2]     0.9999718  1.0013652
p.ind[70,2]     1.0052576  1.0088496
p.ind[71,2]     0.9998143  1.0009445
p.ind[72,2]     1.0053702  1.0095366
p.ind[73,2]     0.9996655  1.0004974
p.ind[74,2]     1.0013484  1.0044453
p.ind[75,2]     0.9997789  1.0007938
p.ind[76,2]     1.0006716  1.0011415
p.ind[77,2]     0.9996772  1.0005268
p.ind[78,2]     1.0033065  1.0049101
p.ind[79,2]     1.0070616  1.0193396
p.ind[80,2]     1.0035774  1.0095899
p.ind[81,2]     1.0037096  1.0056811
p.ind[82,2]     1.0079606  1.0231149
p.ind[83,2]     1.0040857  1.0065639
p.ind[84,2]     1.0009260  1.0012366
p.ind[85,2]     1.0055791  1.0073355
p.ind[86,2]     1.0035845  1.0094326
p.ind[87,2]     1.0012742  1.0040241
p.ind[88,2]     1.0022681  1.0032208
p.ind[89,2]     1.0008818  1.0014642
p.ind[90,2]     1.0017025  1.0050213
p.ind[91,2]     1.0073306  1.0203041
p.ind[92,2]     1.0022675  1.0075674
p.ind[93,2]     1.0037896  1.0050326
p.ind[94,2]     1.0027491  1.0031809
p.ind[95,2]     1.0014719  1.0051186
p.ind[96,2]     1.0033404  1.0086168
p.ind[97,2]     1.0020529  1.0021839
p.ind[98,2]     1.0025842  1.0029261
p.ind[99,2]     1.0041535  1.0067323
p.ind[100,2]    1.0011711  1.0015709
p.ind[101,2]    1.0045551  1.0119414
p.ind[102,2]    1.0033164  1.0087601
p.ind[103,2]    1.0034906  1.0052088
p.ind[104,2]    1.0038421  1.0105800
p.ind[105,2]    1.0045854  1.0078696
p.ind[106,2]    1.0028327  1.0041149
p.ind[107,2]    1.0035391  1.0097725
p.ind[108,2]    1.0026021  1.0037424
p.ind[109,2]    1.0010019  1.0010282
p.ind[110,2]    1.0066530  1.0145129
p.ind[111,2]    1.0075687  1.0135088
p.ind[112,2]    1.0074952  1.0185216
p.ind[113,2]    1.0065436  1.0095227
p.ind[114,2]    1.0118310  1.0249783
p.ind[115,2]    1.0014206  1.0020986
p.ind[116,2]    1.0020816  1.0060453
p.ind[117,2]    1.0011120  1.0014669
p.ind[118,2]    1.0058526  1.0129494
p.ind[119,2]    1.0023932  1.0080703
p.ind[120,2]    1.0016423  1.0047037
p.ind[121,2]    1.0016814  1.0049116
p.ind[122,2]    1.0016577  1.0023278
p.ind[123,2]    1.0018523  1.0057573
p.ind[124,2]    1.0057566  1.0130257
p.ind[125,2]    1.0053593  1.0130657
p.ind[126,2]    1.0114232  1.0232164
p.ind[127,2]    1.0018698  1.0042418
p.ind[128,2]    1.0001455  1.0013165
p.ind[129,2]    1.0017248  1.0051348
p.ind[130,2]    1.0019420  1.0061719
p.ind[131,2]    1.0002881  1.0003649
p.ind[132,2]    1.0010929  1.0015536
p.ind[133,2]    1.0054476  1.0130862
p.ind[134,2]    1.0053554  1.0089454
p.ind[135,2]    1.0112207  1.0225584
p.ind[136,2]    1.0007007  1.0011721
p.ind[137,2]    1.0018515  1.0026020
p.ind[138,2]    1.0059421  1.0105849
p.ind[139,2]    1.0013925  1.0025855
p.ind[140,2]    1.0013537  1.0024842
p.ind[141,2]    1.0114232  1.0232164
p.ind[142,2]    1.0009199  1.0015329
p.ind[143,2]    1.0008073  1.0013369
p.ind[144,2]    1.0002063  1.0009271
p.ind[145,2]    1.0032359  1.0089785
p.ind[146,2]    1.0100534  1.0193195
p.ind[147,2]    1.0043367  1.0119379
p.ind[1,3]      1.0058318  1.0161409
p.ind[2,3]      1.0069775  1.0193343
p.ind[3,3]      1.0083209  1.0233052
p.ind[4,3]      1.0088808  1.0250836
p.ind[5,3]      1.0096663  1.0281802
p.ind[6,3]      1.0096659  1.0282223
p.ind[7,3]      1.0096528  1.0280319
p.ind[8,3]      1.0095376  1.0281993
p.ind[9,3]      1.0096233  1.0282932
p.ind[10,3]     1.0093109  1.0277628
p.ind[11,3]     1.0094424  1.0280340
p.ind[12,3]     1.0094357  1.0280210
p.ind[13,3]     1.0092059  1.0275262
p.ind[14,3]     1.0006065  1.0037250
p.ind[15,3]     1.0037058  1.0113200
p.ind[16,3]     1.0002620  1.0007149
p.ind[17,3]     1.0051230  1.0191102
p.ind[18,3]     1.0043162  1.0152240
p.ind[19,3]     1.0025180  1.0087835
p.ind[20,3]     1.0058056  1.0199359
p.ind[21,3]     1.0055401  1.0204428
p.ind[22,3]     1.0052418  1.0191416
p.ind[23,3]     1.0033075  1.0125049
p.ind[24,3]     1.0056467  1.0170659
p.ind[25,3]     1.0058511  1.0190264
p.ind[26,3]     1.0043194  1.0160737
p.ind[27,3]     1.0047548  1.0118082
p.ind[28,3]     1.0045273  1.0107149
p.ind[29,3]     1.0038350  1.0158651
p.ind[30,3]     1.0022719  1.0090278
p.ind[31,3]     1.0046762  1.0173898
p.ind[32,3]     1.0022787  1.0090807
p.ind[33,3]     1.0022719  1.0090278
p.ind[34,3]     1.0025180  1.0087835
p.ind[35,3]     1.0043162  1.0152240
p.ind[36,3]     1.0052418  1.0191416
p.ind[37,3]     1.0002605  1.0005504
p.ind[38,3]     1.0053962  1.0198061
p.ind[39,3]     1.0020663  1.0082228
p.ind[40,3]     1.0002221  1.0005132
p.ind[41,3]     1.0034302  1.0119145
p.ind[42,3]     1.0006644  1.0015196
p.ind[43,3]     1.0012696  1.0026744
p.ind[44,3]     1.0020116  1.0080130
p.ind[45,3]     1.0032021  1.0121440
p.ind[46,3]     1.0055135  1.0161223
p.ind[47,3]     1.0038146  1.0077111
p.ind[48,3]     1.0033075  1.0125049
p.ind[49,3]     1.0038146  1.0077111
p.ind[50,3]     1.0048180  1.0174024
p.ind[51,3]     1.0001815  1.0006658
p.ind[52,3]     1.0022268  1.0088646
p.ind[53,3]     1.0028483  1.0117990
p.ind[54,3]     1.0055610  1.0164468
p.ind[55,3]     1.0043813  1.0175277
p.ind[56,3]     1.0050399  1.0132885
p.ind[57,3]     1.0024279  1.0097268
p.ind[58,3]     1.0021205  1.0084350
p.ind[59,3]     1.0009333  1.0016621
p.ind[60,3]     1.0021740  1.0086491
p.ind[61,3]     1.0019013  1.0076031
p.ind[62,3]     1.0004858  1.0042944
p.ind[63,3]     1.0005590  1.0007534
p.ind[64,3]     1.0038276  1.0143140
p.ind[65,3]     1.0038276  1.0143140
p.ind[66,3]     1.0005878  1.0036277
p.ind[67,3]     1.0002168  1.0012698
p.ind[68,3]     1.0004231  1.0027152
p.ind[69,3]     1.0046803  1.0166936
p.ind[70,3]     1.0062147  1.0241055
p.ind[71,3]     1.0043162  1.0152240
p.ind[72,3]     1.0061043  1.0239387
p.ind[73,3]     1.0025180  1.0087835
p.ind[74,3]     1.0019926  1.0060035
p.ind[75,3]     1.0019738  1.0070327
p.ind[76,3]     1.0005271  1.0034696
p.ind[77,3]     1.0024337  1.0085063
p.ind[78,3]     1.0010887  1.0044998
p.ind[79,3]     1.0048304  1.0187369
p.ind[80,3]     1.0016827  1.0082484
p.ind[81,3]     1.0058879  1.0162938
p.ind[82,3]     1.0045591  1.0173757
p.ind[83,3]     1.0066699  1.0184624
p.ind[84,3]     1.0002307  1.0005161
p.ind[85,3]     1.0020116  1.0080130
p.ind[86,3]     1.0029301  1.0129656
p.ind[87,3]     1.0018989  1.0055055
p.ind[88,3]     1.0008902  1.0038928
p.ind[89,3]     1.0020895  1.0054951
p.ind[90,3]     1.0006070  1.0042376
p.ind[91,3]     1.0048635  1.0187538
p.ind[92,3]     1.0021977  1.0092612
p.ind[93,3]     1.0053203  1.0194769
p.ind[94,3]     1.0042661  1.0152854
p.ind[95,3]     1.0021331  1.0067767
p.ind[96,3]     1.0015523  1.0076721
p.ind[97,3]     1.0034422  1.0123707
p.ind[98,3]     1.0040789  1.0145991
p.ind[99,3]     1.0068059  1.0188464
p.ind[100,3]    1.0001806  1.0007089
p.ind[101,3]    1.0035693  1.0150294
p.ind[102,3]    1.0027508  1.0123745
p.ind[103,3]    1.0054103  1.0150015
p.ind[104,3]    1.0028607  1.0126035
p.ind[105,3]    1.0076329  1.0212336
p.ind[106,3]    1.0010064  1.0042128
p.ind[107,3]    1.0027624  1.0121950
p.ind[108,3]    1.0009611  1.0040780
p.ind[109,3]    1.0007544  1.0014039
p.ind[110,3]    1.0051720  1.0140237
p.ind[111,3]    1.0029477  1.0124134
p.ind[112,3]    1.0056847  1.0173588
p.ind[113,3]    1.0024279  1.0097268
p.ind[114,3]    1.0088584  1.0303412
p.ind[115,3]    1.0002076  1.0011778
p.ind[116,3]    1.0021069  1.0096547
p.ind[117,3]    1.0001834  1.0006284
p.ind[118,3]    1.0001214  1.0007908
p.ind[119,3]    1.0024850  1.0101623
p.ind[120,3]    1.0004058  1.0035855
p.ind[121,3]    1.0005372  1.0040121
p.ind[122,3]    1.0007479  1.0036045
p.ind[123,3]    1.0010789  1.0057437
p.ind[124,3]    1.0000359  1.0009043
p.ind[125,3]    0.9999225  1.0014060
p.ind[126,3]    1.0090462  1.0275999
p.ind[127,3]    1.0035774  1.0124081
p.ind[128,3]    1.0006870  1.0024048
p.ind[129,3]    1.0006795  1.0044709
p.ind[130,3]    1.0013433  1.0065792
p.ind[131,3]    1.0000710  1.0023614
p.ind[132,3]    1.0003549  1.0032362
p.ind[133,3]    0.9999295  1.0013104
p.ind[134,3]    1.0012563  1.0056591
p.ind[135,3]    1.0090368  1.0265782
p.ind[136,3]    1.0017923  1.0045021
p.ind[137,3]    1.0007944  1.0036867
p.ind[138,3]    1.0011919  1.0057129
p.ind[139,3]    1.0028776  1.0086913
p.ind[140,3]    1.0028198  1.0084275
p.ind[141,3]    1.0090462  1.0275999
p.ind[142,3]    1.0021506  1.0057134
p.ind[143,3]    1.0019687  1.0050774
p.ind[144,3]    1.0008753  1.0023729
p.ind[145,3]    1.0026507  1.0117420
p.ind[146,3]    1.0085787  1.0216236
p.ind[147,3]    1.0029903  1.0131633

################################################################################
# Geweke Diagnostic
################################################################################

The Geweke diagnostic is a standard z-score, so we'd expect 5% to be outside +/-1.96
Number of variables outside +/-1.96 in each chain (out of 
703
):


       Chain 1 Chain 2 Chain 3
Geweke      27      67      58


And here are the Geweke diagnostics for all variables:

               chain1 chain2 chain3
deviance       -0.915 -0.092  0.005
fac1.sig       -2.842 -0.564 -2.841
fac2.sig       -0.311  1.833  0.898
ilr.cont1[1]    0.413 -0.769  0.864
ilr.cont1[2]    0.221  0.925 -1.283
ilr.fac1[1,1]   0.673  0.920  0.856
ilr.fac1[2,1]  -1.006 -0.501 -0.011
ilr.fac1[3,1]  -3.030 -1.008 -0.656
ilr.fac1[4,1]   1.915  0.206  0.886
ilr.fac1[5,1]  -2.732 -1.669 -1.216
ilr.fac1[1,2]   1.139 -0.291 -0.225
ilr.fac1[2,2]   0.034 -0.644 -2.025
ilr.fac1[3,2]   0.394 -0.968 -0.247
ilr.fac1[4,2]   3.190  0.863  2.834
ilr.fac1[5,2]   2.502  0.015  0.042
ilr.fac2[1,1]  -0.114  0.726  1.180
ilr.fac2[2,1]   0.053 -0.476 -0.316
ilr.fac2[3,1]   1.269  1.891  0.815
ilr.fac2[4,1]  -1.429 -1.213 -0.521
ilr.fac2[5,1]  -0.183  0.473  0.299
ilr.fac2[6,1]  -0.269 -0.356  1.056
ilr.fac2[7,1]  -0.861 -2.752  0.174
ilr.fac2[8,1]   0.318  0.226  0.092
ilr.fac2[9,1]   0.029 -0.249  0.344
ilr.fac2[10,1]  0.602 -0.235  0.999
ilr.fac2[11,1] -0.553 -1.777 -1.117
ilr.fac2[12,1]  1.005  1.666  1.046
ilr.fac2[13,1]  0.009 -1.198  1.266
ilr.fac2[14,1] -1.075  0.304 -0.504
ilr.fac2[15,1]  0.532 -1.039 -0.252
ilr.fac2[16,1]  0.273  1.569  0.857
ilr.fac2[1,2]   0.221  0.939 -1.121
ilr.fac2[2,2]  -1.503 -1.178 -2.445
ilr.fac2[3,2]  -1.468  0.119 -0.773
ilr.fac2[4,2]   1.431  1.315  1.071
ilr.fac2[5,2]  -0.204 -0.391  1.344
ilr.fac2[6,2]   0.158  1.705  0.609
ilr.fac2[7,2]   1.943  1.088  1.601
ilr.fac2[8,2]   0.354 -0.717  0.523
ilr.fac2[9,2]   0.192  0.269  0.365
ilr.fac2[10,2]  0.858 -0.271 -0.575
ilr.fac2[11,2]  0.682  1.676  0.128
ilr.fac2[12,2]  1.614  0.019  0.448
ilr.fac2[13,2]  1.167  0.015 -0.677
ilr.fac2[14,2] -0.208 -0.625 -1.447
ilr.fac2[15,2]  0.316  1.952  1.158
ilr.fac2[16,2] -2.188 -0.753 -0.615
ilr.global[1]   1.137  1.021 -0.999
ilr.global[2]  -0.311  0.377  1.706
loglik[1]       1.308  0.298  1.607
loglik[2]       0.534  0.618  1.916
loglik[3]       0.359  0.575  1.328
loglik[4]      -0.924  0.651  0.950
loglik[5]      -2.596  0.392  1.470
loglik[6]      -2.112  0.010  1.567
loglik[7]      -1.695  0.412  1.647
loglik[8]      -1.268  0.167  1.043
loglik[9]      -1.261 -0.769  2.207
loglik[10]     -1.623  0.386  1.368
loglik[11]     -1.453 -0.517  2.363
loglik[12]     -1.101 -0.777  2.198
loglik[13]     -1.312 -0.250  1.713
loglik[14]     -1.621 -0.247  0.783
loglik[15]     -1.052 -0.497  0.837
loglik[16]      0.647 -0.735  1.134
loglik[17]      1.036  2.441 -0.685
loglik[18]      0.465  0.782 -1.672
loglik[19]     -0.305  1.425 -0.247
loglik[20]     -1.024  1.805 -0.630
loglik[21]      0.001 -0.077  0.915
loglik[22]     -0.524  0.821  0.525
loglik[23]      0.643 -0.001 -0.129
loglik[24]      0.198  0.982 -0.803
loglik[25]     -0.909  1.261 -0.829
loglik[26]      0.813 -0.936  0.055
loglik[27]     -0.862  1.794 -1.550
loglik[28]      0.003 -1.062 -1.154
loglik[29]     -0.653  0.952  0.015
loglik[30]     -0.014  0.597 -0.726
loglik[31]      1.104  2.031 -0.945
loglik[32]      0.376  0.573 -1.969
loglik[33]      1.278 -0.055 -0.942
loglik[34]     -0.072 -0.517  0.364
loglik[35]      0.653  1.189  0.230
loglik[36]     -0.466  0.298 -1.361
loglik[37]      1.044  1.634 -1.387
loglik[38]     -0.426  1.226  1.087
loglik[39]     -0.417 -0.334 -0.242
loglik[40]     -1.909 -0.108  0.649
loglik[41]     -0.456  0.310 -1.198
loglik[42]      2.143 -0.085 -0.909
loglik[43]      2.025 -0.337 -0.538
loglik[44]     -0.568  2.198 -0.893
loglik[45]      0.499  2.085 -0.674
loglik[46]     -0.608  1.099 -1.189
loglik[47]     -0.858  0.408 -1.517
loglik[48]      0.200  2.148 -1.097
loglik[49]      1.343  0.216  1.608
loglik[50]     -0.255 -0.043 -1.503
loglik[51]      0.661  0.294 -0.401
loglik[52]     -0.408  0.691 -1.602
loglik[53]     -1.227  1.035  1.172
loglik[54]     -0.531  1.279 -1.140
loglik[55]     -0.475  0.526  0.766
loglik[56]     -0.629  2.160 -0.873
loglik[57]      0.006  1.479 -1.391
loglik[58]      0.270  0.976 -1.794
loglik[59]      1.896  0.286 -0.947
loglik[60]      0.156  1.519 -1.111
loglik[61]     -0.734  0.210  1.395
loglik[62]      0.456  0.454 -0.047
loglik[63]      0.408 -0.619  0.773
loglik[64]     -0.765  0.410  0.230
loglik[65]     -0.831 -0.330  0.617
loglik[66]      0.680  1.846 -1.777
loglik[67]      0.925  1.847 -1.558
loglik[68]     -1.252 -0.022  0.089
loglik[69]      1.259  0.204  0.445
loglik[70]     -0.675 -0.255  1.616
loglik[71]      1.657  0.425 -0.297
loglik[72]     -0.029 -0.357  1.079
loglik[73]     -0.273  0.590 -1.214
loglik[74]     -0.780 -0.639 -0.504
loglik[75]      0.609  0.890 -0.145
loglik[76]      1.803 -0.622 -0.597
loglik[77]     -0.857 -0.906 -0.191
loglik[78]      0.670  0.242  0.170
loglik[79]      0.826  2.199  0.543
loglik[80]     -1.000  0.033 -0.292
loglik[81]      0.835 -0.837 -1.097
loglik[82]      1.543  0.904  0.390
loglik[83]      0.657 -0.625  0.193
loglik[84]      1.924 -0.627 -0.994
loglik[85]     -0.622  2.283 -0.110
loglik[86]     -0.571  0.814 -0.575
loglik[87]      2.380 -1.012  0.340
loglik[88]      0.317  0.243  0.337
loglik[89]      0.967 -1.754 -0.307
loglik[90]      1.652  3.188 -0.475
loglik[91]      0.421  1.167  1.038
loglik[92]     -1.594 -1.960 -0.760
loglik[93]      0.128 -0.271 -2.214
loglik[94]      0.738 -0.835 -1.858
loglik[95]     -1.600 -0.262 -0.542
loglik[96]      0.155  0.759 -1.681
loglik[97]     -0.632  0.567 -0.486
loglik[98]      0.082  1.361  0.763
loglik[99]      1.021 -0.497 -1.703
loglik[100]     0.406 -0.381  0.416
loglik[101]    -0.875  1.076  0.424
loglik[102]    -1.070 -0.958  0.844
loglik[103]     2.183 -0.289  0.120
loglik[104]     0.340  0.335  0.822
loglik[105]     3.158 -0.657 -1.229
loglik[106]    -0.839  0.449  1.890
loglik[107]    -0.346 -0.012 -1.794
loglik[108]     0.747 -0.496 -1.516
loglik[109]     0.035 -1.917  0.752
loglik[110]     1.333 -0.253 -0.002
loglik[111]     0.325  0.405 -1.597
loglik[112]     0.512 -0.776 -0.888
loglik[113]    -0.351  0.179 -0.957
loglik[114]    -0.594 -0.300  1.087
loglik[115]    -1.581 -0.177  0.272
loglik[116]    -0.262 -0.384 -0.315
loglik[117]     1.102  0.862 -1.117
loglik[118]    -0.498  0.595  0.616
loglik[119]    -1.812 -2.134 -0.700
loglik[120]     2.871  2.323  0.179
loglik[121]     2.479  2.191  0.272
loglik[122]     1.519 -0.771 -1.086
loglik[123]    -2.423 -1.834 -0.304
loglik[124]     0.506 -0.828  0.460
loglik[125]    -0.660  0.352  0.565
loglik[126]    -0.493 -0.054  0.761
loglik[127]     0.259 -0.661  0.987
loglik[128]    -0.428 -1.416 -0.339
loglik[129]     2.821  2.489  0.241
loglik[130]     2.233  2.689  0.186
loglik[131]     0.927  1.582  0.533
loglik[132]     1.208 -1.582 -1.012
loglik[133]     0.106 -0.876  0.248
loglik[134]    -0.558 -0.014  2.197
loglik[135]    -0.018 -0.724 -0.608
loglik[136]    -2.001  1.786  0.134
loglik[137]     1.551 -0.726 -1.065
loglik[138]    -0.086 -1.296  0.880
loglik[139]    -1.377  1.326  0.355
loglik[140]    -1.429  1.504  0.359
loglik[141]     0.383  1.777 -0.230
loglik[142]    -0.406 -0.072 -0.520
loglik[143]    -2.026  1.661  0.130
loglik[144]    -1.493  0.115 -0.057
loglik[145]    -0.494  0.608  0.223
loglik[146]     0.228  0.271 -0.067
loglik[147]    -0.161 -0.320 -2.517
p.fac1[1,1]     0.910  2.087 -0.217
p.fac1[2,1]     0.753  1.189 -1.289
p.fac1[3,1]    -0.114  0.610 -0.663
p.fac1[4,1]     1.541  1.739  0.841
p.fac1[5,1]     1.115  0.767 -0.578
p.fac1[1,2]    -1.072 -1.148  1.332
p.fac1[2,2]    -0.874 -1.388  1.319
p.fac1[3,2]     0.109 -1.041  1.779
p.fac1[4,2]    -0.586 -0.386  2.647
p.fac1[5,2]     0.333 -0.355  2.004
p.fac1[1,3]    -0.577 -0.222 -1.598
p.fac1[2,3]     0.405  0.038 -0.127
p.fac1[3,3]    -0.062  0.326 -1.549
p.fac1[4,3]    -1.614 -0.806 -3.687
p.fac1[5,3]    -1.809 -0.362 -1.521
p.fac2[1,1]    -0.035  1.958 -0.599
p.fac2[2,1]     1.978  0.796 -0.130
p.fac2[3,1]     0.732  2.599 -0.558
p.fac2[4,1]    -0.126  0.597 -1.245
p.fac2[5,1]     0.215  1.871 -0.751
p.fac2[6,1]     0.685  1.820 -0.499
p.fac2[7,1]     0.886  0.447 -0.898
p.fac2[8,1]     0.924  1.305 -0.855
p.fac2[9,1]     0.956  1.602 -0.818
p.fac2[10,1]    1.429  1.312 -1.343
p.fac2[11,1]    0.407  0.857 -2.496
p.fac2[12,1]    2.199  3.148 -0.622
p.fac2[13,1]    1.208  0.460 -0.546
p.fac2[14,1]    1.020  1.774 -1.490
p.fac2[15,1]    1.304  1.875 -1.470
p.fac2[16,1]    0.304  1.683 -0.887
p.fac2[1,2]     0.224 -0.801  0.805
p.fac2[2,2]    -1.294 -0.614  1.339
p.fac2[3,2]    -1.625 -2.357  0.187
p.fac2[4,2]     0.588  0.158  1.793
p.fac2[5,2]    -0.426 -1.438  1.482
p.fac2[6,2]    -0.489 -0.618  0.634
p.fac2[7,2]     0.175  0.181  0.983
p.fac2[8,2]    -0.833 -1.219  1.076
p.fac2[9,2]    -0.879 -1.029  1.266
p.fac2[10,2]   -0.664 -1.241  0.663
p.fac2[11,2]   -0.180  0.289  2.017
p.fac2[12,2]   -0.642 -1.925  0.848
p.fac2[13,2]   -0.571 -0.344  0.291
p.fac2[14,2]   -0.562 -1.540  1.156
p.fac2[15,2]   -0.854 -0.232  1.829
p.fac2[16,2]   -0.314 -1.203  1.438
p.fac2[1,3]    -0.313 -1.299 -1.075
p.fac2[2,3]    -0.228  0.109 -1.419
p.fac2[3,3]     1.434 -0.467  0.612
p.fac2[4,3]    -1.054 -0.998 -1.536
p.fac2[5,3]     0.193  0.059 -1.497
p.fac2[6,3]     0.253 -1.280 -0.605
p.fac2[7,3]    -1.669 -1.124 -2.125
p.fac2[8,3]     0.125  0.718 -1.041
p.fac2[9,3]     0.341  0.112 -0.727
p.fac2[10,3]   -0.815  0.467  0.396
p.fac2[11,3]   -0.326 -1.972 -0.091
p.fac2[12,3]   -1.730 -1.870 -0.483
p.fac2[13,3]   -0.842 -0.293  0.606
p.fac2[14,3]   -0.370  0.666 -0.249
p.fac2[15,3]   -0.499 -1.958 -0.722
p.fac2[16,3]    0.156 -0.373 -1.002
p.global[1]     0.726  1.291 -0.197
p.global[2]    -1.225 -0.884  1.622
p.global[3]     0.205 -0.309 -1.677
p.ind[1,1]     -0.120  0.833 -1.449
p.ind[2,1]     -0.124  1.010 -1.584
p.ind[3,1]     -0.143  1.216 -1.748
p.ind[4,1]     -0.159  1.339 -1.831
p.ind[5,1]     -0.238  1.755 -2.053
p.ind[6,1]     -0.243  1.776 -2.309
p.ind[7,1]     -0.226  1.702 -2.031
p.ind[8,1]     -0.288  1.959 -2.262
p.ind[9,1]     -0.267  1.874 -2.289
p.ind[10,1]    -0.325  2.420 -2.199
p.ind[11,1]    -0.305  2.026 -2.235
p.ind[12,1]    -0.306  2.030 -2.233
p.ind[13,1]    -0.339  2.492 -2.171
p.ind[14,1]     0.358  1.530 -0.575
p.ind[15,1]    -0.843  1.215  0.466
p.ind[16,1]     0.756  1.470 -1.096
p.ind[17,1]     0.377  1.544 -0.849
p.ind[18,1]     1.263  2.316 -1.536
p.ind[19,1]     1.333  1.615 -1.377
p.ind[20,1]     0.935  0.562 -0.966
p.ind[21,1]     0.606  2.066 -0.728
p.ind[22,1]     0.636  1.987 -0.716
p.ind[23,1]     0.434  1.382 -0.792
p.ind[24,1]     0.888  0.453 -0.902
p.ind[25,1]     0.909  0.509 -0.939
p.ind[26,1]     0.410  1.461 -0.822
p.ind[27,1]     0.847  0.341 -0.821
p.ind[28,1]     0.838  0.318 -0.803
p.ind[29,1]     0.941  1.688 -0.882
p.ind[30,1]     0.450  1.306 -0.760
p.ind[31,1]     0.398  1.494 -0.833
p.ind[32,1]     1.442  1.346 -1.403
p.ind[33,1]     0.450  1.306 -0.760
p.ind[34,1]     1.333  1.615 -1.377
p.ind[35,1]     1.263  2.316 -1.536
p.ind[36,1]     0.636  1.987 -0.716
p.ind[37,1]     0.638  1.429 -0.282
p.ind[38,1]     0.622  2.026 -0.722
p.ind[39,1]     1.433  1.322 -1.362
p.ind[40,1]     0.630  1.462 -0.306
p.ind[41,1]     1.309  1.845 -1.460
p.ind[42,1]     1.868  0.647  0.015
p.ind[43,1]     1.766  0.554  0.158
p.ind[44,1]     1.430  1.316 -1.351
p.ind[45,1]     0.436  1.374 -0.789
p.ind[46,1]     0.880  0.431 -0.887
p.ind[47,1]     0.813  0.281 -0.748
p.ind[48,1]     0.434  1.382 -0.792
p.ind[49,1]     0.813  0.281 -0.748
p.ind[50,1]     0.667  1.891 -0.522
p.ind[51,1]     0.613  1.526 -0.401
p.ind[52,1]     1.439  1.340 -1.393
p.ind[53,1]     1.638  1.585 -1.520
p.ind[54,1]     0.883  0.438 -0.892
p.ind[55,1]     0.917  1.778 -0.953
p.ind[56,1]     0.858  0.371 -0.844
p.ind[57,1]     1.449  1.364 -1.432
p.ind[58,1]     1.435  1.328 -1.373
p.ind[59,1]     1.813  0.597  0.092
p.ind[60,1]     1.437  1.334 -1.383
p.ind[61,1]     1.426  1.304 -1.329
p.ind[62,1]     0.956  0.740 -0.292
p.ind[63,1]     0.794  1.454 -1.110
p.ind[64,1]     0.423  1.421 -0.807
p.ind[65,1]     0.423  1.421 -0.807
p.ind[66,1]     0.360  1.527 -0.572
p.ind[67,1]     0.410  1.597 -0.463
p.ind[68,1]     0.376  1.499 -0.538
p.ind[69,1]     1.231  2.432 -1.724
p.ind[70,1]     0.364  2.489 -0.720
p.ind[71,1]     1.263  2.316 -1.536
p.ind[72,1]     0.260  2.619 -0.696
p.ind[73,1]     1.333  1.615 -1.377
p.ind[74,1]     1.661  0.461  0.316
p.ind[75,1]     1.340  1.467 -1.317
p.ind[76,1]     1.376  0.365 -0.398
p.ind[77,1]     1.334  1.593 -1.368
p.ind[78,1]     1.184  0.680 -0.630
p.ind[79,1]     0.864  1.903 -1.063
p.ind[80,1]     1.983  0.777 -0.146
p.ind[81,1]    -0.120  0.842 -1.456
p.ind[82,1]     0.741  2.055 -1.476
p.ind[83,1]    -0.122  0.961 -1.549
p.ind[84,1]     0.632  1.454 -0.300
p.ind[85,1]     1.430  1.316 -1.351
p.ind[86,1]     0.962  1.134 -0.789
p.ind[87,1]     1.676  0.474  0.294
p.ind[88,1]     1.209  0.459 -0.544
p.ind[89,1]     0.016  1.884 -0.584
p.ind[90,1]     1.875  2.841 -0.447
p.ind[91,1]     0.852  1.939 -1.098
p.ind[92,1]     2.050  3.029 -0.519
p.ind[93,1]     0.629  2.006 -0.719
p.ind[94,1]     0.694  1.779 -0.485
p.ind[95,1]     1.637  0.440  0.351
p.ind[96,1]     1.981  0.769 -0.145
p.ind[97,1]     0.717  1.620 -0.432
p.ind[98,1]     0.700  1.743 -0.473
p.ind[99,1]    -0.123  0.983 -1.564
p.ind[100,1]    0.611  1.534 -0.408
p.ind[101,1]    0.948  1.650 -0.854
p.ind[102,1]    0.964  1.112 -0.772
p.ind[103,1]   -0.120  0.769 -1.397
p.ind[104,1]    0.469  0.788 -2.441
p.ind[105,1]   -0.131  1.095 -1.662
p.ind[106,1]    1.196  0.662 -0.590
p.ind[107,1]    0.475  0.750 -2.407
p.ind[108,1]    1.202  0.476 -0.571
p.ind[109,1]    1.844  0.625  0.048
p.ind[110,1]    0.863  0.386 -0.855
p.ind[111,1]    1.617  1.616 -1.530
p.ind[112,1]    0.891  0.460 -0.907
p.ind[113,1]    1.449  1.364 -1.432
p.ind[114,1]    0.872  2.158 -1.677
p.ind[115,1]    0.413  1.589 -0.456
p.ind[116,1]    0.492  0.577 -2.209
p.ind[117,1]    0.616  1.518 -0.394
p.ind[118,1]    0.727  1.477 -1.297
p.ind[119,1]    2.083  3.058 -0.529
p.ind[120,1]    1.849  2.808 -0.433
p.ind[121,1]    1.866  2.830 -0.442
p.ind[122,1]    1.220  0.427 -0.492
p.ind[123,1]    1.929  2.907 -0.473
p.ind[124,1]    0.700  1.482 -1.279
p.ind[125,1]    0.743  1.458 -1.175
p.ind[126,1]    0.947  2.010 -1.658
p.ind[127,1]   -0.194  2.244 -0.577
p.ind[128,1]    0.195  1.554 -0.437
p.ind[129,1]    1.884  2.853 -0.452
p.ind[130,1]    1.958  2.939 -0.486
p.ind[131,1]    0.952  2.252 -0.227
p.ind[132,1]    0.919  2.376 -0.359
p.ind[133,1]    0.779  1.459 -1.210
p.ind[134,1]    1.121  0.759 -1.154
p.ind[135,1]    0.964  1.969 -1.644
p.ind[136,1]    0.049  1.828 -0.571
p.ind[137,1]    1.217  0.438 -0.509
p.ind[138,1]    1.180  0.860 -1.197
p.ind[139,1]   -0.068  2.020 -0.602
p.ind[140,1]   -0.061  2.007 -0.601
p.ind[141,1]    0.947  2.010 -1.658
p.ind[142,1]    0.010  1.895 -0.586
p.ind[143,1]    0.031  1.861 -0.579
p.ind[144,1]    0.154  1.632 -0.487
p.ind[145,1]    0.480  0.713 -2.370
p.ind[146,1]    1.012  1.814 -1.525
p.ind[147,1]    0.408  0.854 -2.494
p.ind[1,2]      0.618  0.011  1.862
p.ind[2,2]      0.644 -0.098  2.048
p.ind[3,2]      0.669 -0.244  2.250
p.ind[4,2]      0.690 -0.324  2.332
p.ind[5,2]      0.763 -0.574  2.748
p.ind[6,2]      0.766 -0.586  2.750
p.ind[7,2]      0.754 -0.543  2.742
p.ind[8,2]      0.796 -0.693  2.752
p.ind[9,2]      0.782 -0.644  2.754
p.ind[10,2]     0.829 -0.773  2.740
p.ind[11,2]     0.807 -0.731  2.748
p.ind[12,2]     0.807 -0.733  2.747
p.ind[13,2]     0.836 -0.802  2.734
p.ind[14,2]    -0.786 -1.331  1.262
p.ind[15,2]     0.746 -1.752  1.759
p.ind[16,2]    -0.350 -1.438  1.606
p.ind[17,2]    -0.376 -1.098  1.163
p.ind[18,2]    -0.777 -0.344  1.894
p.ind[19,2]    -0.920 -0.104  1.715
p.ind[20,2]     0.226 -0.030  2.539
p.ind[21,2]    -0.443 -0.859  0.821
p.ind[22,2]    -0.431 -0.805  0.757
p.ind[23,2]    -0.412 -0.792  0.993
p.ind[24,2]     0.177  0.171  0.999
p.ind[25,2]     0.197  0.068  1.437
p.ind[26,2]    -0.399 -1.026  1.077
p.ind[27,2]     0.152  0.404  0.768
p.ind[28,2]     0.147  0.454  0.737
p.ind[29,2]    -0.885 -1.096  1.387
p.ind[30,2]    -0.417 -0.706  0.910
p.ind[31,2]    -0.391 -1.056  1.111
p.ind[32,2]    -0.632 -1.271  0.764
p.ind[33,2]    -0.417 -0.706  0.910
p.ind[34,2]    -0.920 -0.104  1.715
p.ind[35,2]    -0.777 -0.344  1.894
p.ind[36,2]    -0.431 -0.805  0.757
p.ind[37,2]    -0.948 -0.941  0.703
p.ind[38,2]    -0.456 -0.832  0.788
p.ind[39,2]    -0.655 -1.251  0.694
p.ind[40,2]    -0.944 -0.987  0.760
p.ind[41,2]    -0.863 -0.217  1.818
p.ind[42,2]    -1.747 -0.400  0.495
p.ind[43,2]    -1.716 -0.212  0.175
p.ind[44,2]    -0.660 -1.245  0.676
p.ind[45,2]    -0.413 -0.783  0.984
p.ind[46,2]     0.169  0.210  0.939
p.ind[47,2]     0.138  0.572  1.282
p.ind[48,2]    -0.412 -0.792  0.993
p.ind[49,2]     0.138  0.572  1.282
p.ind[50,2]    -0.466 -0.667  0.684
p.ind[51,2]    -0.918 -1.079  0.878
p.ind[52,2]    -0.638 -1.266  0.746
p.ind[53,2]    -0.531 -1.327  0.997
p.ind[54,2]     0.172  0.197  0.958
p.ind[55,2]    -0.881 -1.274  1.327
p.ind[56,2]     0.158  0.348  0.815
p.ind[57,2]    -0.614 -1.285  0.815
p.ind[58,2]    -0.649 -1.256  0.711
p.ind[59,2]    -1.744 -0.298  0.317
p.ind[60,2]    -0.644 -1.261  0.729
p.ind[61,2]    -0.670 -1.234  0.641
p.ind[62,2]    -0.698 -0.326  0.195
p.ind[63,2]    -0.428 -1.416  1.520
p.ind[64,2]    -0.407 -0.837  1.035
p.ind[65,2]    -0.407 -0.837  1.035
p.ind[66,2]    -0.790 -1.327  1.255
p.ind[67,2]    -0.886 -1.177  1.013
p.ind[68,2]    -0.826 -1.285  1.189
p.ind[69,2]    -0.723 -0.457  1.920
p.ind[70,2]    -0.187 -1.057  1.198
p.ind[71,2]    -0.777 -0.344  1.894
p.ind[72,2]    -0.102 -1.139  1.243
p.ind[73,2]    -0.920 -0.104  1.715
p.ind[74,2]    -1.574 -0.034 -0.121
p.ind[75,2]    -0.945 -0.027  1.630
p.ind[76,2]    -0.633 -0.148  0.041
p.ind[77,2]    -0.924 -0.093  1.703
p.ind[78,2]    -0.450 -0.400  0.426
p.ind[79,2]    -0.853 -1.347  1.451
p.ind[80,2]    -1.439 -0.585  1.183
p.ind[81,2]     0.619  0.005  1.871
p.ind[82,2]    -0.769 -1.423  1.588
p.ind[83,2]     0.637 -0.068  2.000
p.ind[84,2]    -0.945 -0.976  0.746
p.ind[85,2]    -0.660 -1.245  0.676
p.ind[86,2]    -0.873 -0.995  1.207
p.ind[87,2]    -1.591 -0.057 -0.079
p.ind[88,2]    -0.572 -0.343  0.288
p.ind[89,2]     0.186 -0.739  0.711
p.ind[90,2]    -0.818 -2.053  0.454
p.ind[91,2]    -0.849 -1.365  1.484
p.ind[92,2]    -0.702 -2.150  0.682
p.ind[93,2]    -0.423 -0.818  0.773
p.ind[94,2]    -0.502 -0.600  0.606
p.ind[95,2]    -1.604  0.005 -0.185
p.ind[96,2]    -1.492 -0.573  1.116
p.ind[97,2]    -0.545 -0.482  0.504
p.ind[98,2]    -0.512 -0.573  0.581
p.ind[99,2]     0.640 -0.081  2.021
p.ind[100,2]   -0.915 -1.090  0.893
p.ind[101,2]   -0.883 -1.067  1.334
p.ind[102,2]   -0.879 -0.974  1.171
p.ind[103,2]    0.609  0.050  1.808
p.ind[104,2]   -0.206  0.336  1.945
p.ind[105,2]    0.649 -0.165  2.148
p.ind[106,2]   -0.541 -0.375  0.363
p.ind[107,2]   -0.219  0.362  1.902
p.ind[108,2]   -0.554 -0.362  0.332
p.ind[109,2]   -1.751 -0.355  0.415
p.ind[110,2]    0.162  0.320  0.842
p.ind[111,2]   -0.486 -1.344  1.073
p.ind[112,2]    0.176  0.158  1.021
p.ind[113,2]   -0.614 -1.285  0.815
p.ind[114,2]   -0.387 -1.687  1.319
p.ind[115,2]   -0.890 -1.167  0.998
p.ind[116,2]   -0.272  0.475  1.672
p.ind[117,2]   -0.920 -1.067  0.863
p.ind[118,2]   -0.296 -1.451  1.878
p.ind[119,2]   -0.690 -2.158  0.721
p.ind[120,2]   -0.819 -2.028  0.416
p.ind[121,2]   -0.819 -2.045  0.441
p.ind[122,2]   -0.601 -0.303  0.203
p.ind[123,2]   -0.813 -2.094  0.528
p.ind[124,2]   -0.248 -1.462  1.908
p.ind[125,2]   -0.075 -1.496  1.989
p.ind[126,2]   -0.445 -1.635  1.132
p.ind[127,2]    0.292 -0.972  1.137
p.ind[128,2]    0.051 -0.504  0.323
p.ind[129,2]   -0.818 -2.060  0.467
p.ind[130,2]   -0.809 -2.112  0.566
p.ind[131,2]   -1.756 -1.726 -0.199
p.ind[132,2]   -1.756 -1.966 -0.054
p.ind[133,2]   -0.111 -1.489  1.975
p.ind[134,2]   -0.260 -0.506  0.758
p.ind[135,2]   -0.469 -1.619  1.111
p.ind[136,2]    0.165 -0.703  0.654
p.ind[137,2]   -0.593 -0.316  0.231
p.ind[138,2]   -0.132 -0.557  1.070
p.ind[139,2]    0.221 -0.839  0.860
p.ind[140,2]    0.216 -0.831  0.848
p.ind[141,2]   -0.445 -1.635  1.132
p.ind[142,2]    0.191 -0.746  0.723
p.ind[143,2]    0.177 -0.724  0.688
p.ind[144,2]    0.085 -0.565  0.425
p.ind[145,2]   -0.232  0.387  1.858
p.ind[146,2]   -0.547 -1.562  1.203
p.ind[147,2]   -0.181  0.291  2.014
p.ind[1,3]     -1.112 -1.048 -1.683
p.ind[2,3]     -1.139 -1.128 -1.726
p.ind[3,3]     -1.148 -1.399 -1.679
p.ind[4,3]     -1.139 -1.463 -1.638
p.ind[5,3]     -1.049 -1.678 -1.463
p.ind[6,3]     -1.042 -1.683 -1.453
p.ind[7,3]     -1.065 -1.489 -1.488
p.ind[8,3]     -0.977 -1.719 -1.368
p.ind[9,3]     -1.009 -1.703 -1.407
p.ind[10,3]    -0.920 -1.740 -1.307
p.ind[11,3]    -0.951 -1.730 -1.339
p.ind[12,3]    -0.949 -1.730 -1.337
p.ind[13,3]    -0.898 -1.746 -1.286
p.ind[14,3]     0.503  0.333 -1.207
p.ind[15,3]     0.457 -0.614 -1.271
p.ind[16,3]    -0.580  0.407 -1.394
p.ind[17,3]     0.211 -0.195 -1.007
p.ind[18,3]    -0.645 -2.275 -0.691
p.ind[19,3]    -0.312 -1.821 -0.746
p.ind[20,3]    -1.744 -0.932 -1.869
p.ind[21,3]     0.102 -1.445 -0.721
p.ind[22,3]     0.152 -1.390 -0.687
p.ind[23,3]     0.251 -0.067 -0.943
p.ind[24,3]    -1.674 -1.114 -2.116
p.ind[25,3]    -1.719 -0.994 -1.995
p.ind[26,3]     0.232 -0.117 -0.992
p.ind[27,3]    -1.822 -1.297 -2.339
p.ind[28,3]    -1.982 -1.327 -1.526
p.ind[29,3]     0.317  0.067 -0.771
p.ind[30,3]     0.263 -0.043 -0.872
p.ind[31,3]     0.223 -0.145 -0.994
p.ind[32,3]    -0.941  0.416  0.350
p.ind[33,3]     0.263 -0.043 -0.872
p.ind[34,3]    -0.312 -1.821 -0.746
p.ind[35,3]    -0.645 -2.275 -0.691
p.ind[36,3]     0.152 -1.390 -0.687
p.ind[37,3]     0.721  0.354 -0.726
p.ind[38,3]     0.127 -1.417 -0.704
p.ind[39,3]    -0.854  0.453  0.387
p.ind[40,3]     0.709  0.369 -0.781
p.ind[41,3]    -0.479 -1.943 -0.725
p.ind[42,3]     0.923  0.074 -0.691
p.ind[43,3]     1.186 -0.063 -0.312
p.ind[44,3]    -0.832  0.461  0.389
p.ind[45,3]     0.253 -0.064 -0.937
p.ind[46,3]    -1.653 -1.154 -2.145
p.ind[47,3]    -1.913 -1.407 -1.409
p.ind[48,3]     0.251 -0.067 -0.943
p.ind[49,3]    -1.913 -1.407 -1.409
p.ind[50,3]     0.212 -1.326 -0.642
p.ind[51,3]     0.676  0.393 -0.881
p.ind[52,3]    -0.920  0.426  0.359
p.ind[53,3]    -1.229  0.224  0.211
p.ind[54,3]    -1.660 -1.141 -2.137
p.ind[55,3]     0.286 -0.001 -0.796
p.ind[56,3]    -1.588 -1.252 -2.146
p.ind[57,3]    -1.007  0.382  0.321
p.ind[58,3]    -0.876  0.445  0.378
p.ind[59,3]     1.098  0.002 -0.475
p.ind[60,3]    -0.898  0.436  0.368
p.ind[61,3]    -0.789  0.475  0.407
p.ind[62,3]     0.378 -0.123  0.001
p.ind[63,3]    -0.471  0.502 -1.372
p.ind[64,3]     0.243 -0.089 -0.971
p.ind[65,3]     0.243 -0.089 -0.971
p.ind[66,3]     0.507  0.335 -1.201
p.ind[67,3]     0.626  0.404 -1.002
p.ind[68,3]     0.548  0.349 -1.142
p.ind[69,3]    -0.721 -2.302 -0.671
p.ind[70,3]    -0.129 -1.862 -0.958
p.ind[71,3]    -0.645 -2.275 -0.691
p.ind[72,3]    -0.173 -1.932 -0.997
p.ind[73,3]    -0.312 -1.821 -0.746
p.ind[74,3]     1.240 -0.191  0.016
p.ind[75,3]    -0.204 -1.741 -0.747
p.ind[76,3]    -0.548 -0.321  0.804
p.ind[77,3]    -0.296 -1.810 -0.747
p.ind[78,3]    -0.976 -0.270  0.481
p.ind[79,3]     0.234 -0.130 -0.797
p.ind[80,3]    -0.014  0.142 -1.465
p.ind[81,3]    -1.114 -1.051 -1.686
p.ind[82,3]     0.162 -0.353 -0.744
p.ind[83,3]    -1.133 -1.104 -1.720
p.ind[84,3]     0.712  0.365 -0.767
p.ind[85,3]    -0.832  0.461  0.389
p.ind[86,3]     0.350  0.126 -0.700
p.ind[87,3]     1.241 -0.172 -0.029
p.ind[88,3]    -0.838 -0.294  0.609
p.ind[89,3]    -0.323 -1.173 -0.926
p.ind[90,3]    -1.099 -0.253 -0.125
p.ind[91,3]     0.217 -0.175 -0.790
p.ind[92,3]    -1.463 -1.028 -0.338
p.ind[93,3]     0.140 -1.404 -0.696
p.ind[94,3]     0.276 -1.255 -0.583
p.ind[95,3]     1.235 -0.221  0.087
p.ind[96,3]     0.075  0.151 -1.468
p.ind[97,3]     0.354 -1.166 -0.487
p.ind[98,3]     0.295 -1.234 -0.562
p.ind[99,3]    -1.136 -1.115 -1.723
p.ind[100,3]    0.671  0.395 -0.895
p.ind[101,3]    0.328  0.090 -0.754
p.ind[102,3]    0.354  0.132 -0.682
p.ind[103,3]   -1.099 -1.023 -1.653
p.ind[104,3]   -0.284 -1.651 -0.151
p.ind[105,3]   -1.147 -1.187 -1.725
p.ind[106,3]   -0.916 -0.280  0.540
p.ind[107,3]   -0.260 -1.647 -0.181
p.ind[108,3]   -0.885 -0.285  0.568
p.ind[109,3]    1.010  0.043 -0.592
p.ind[110,3]   -1.605 -1.229 -2.158
p.ind[111,3]   -1.313  0.138  0.165
p.ind[112,3]   -1.681 -1.101 -2.103
p.ind[113,3]   -1.007  0.382  0.321
p.ind[114,3]   -0.872  0.167 -0.071
p.ind[115,3]    0.633  0.403 -0.989
p.ind[116,3]   -0.140 -1.626 -0.283
p.ind[117,3]    0.680  0.390 -0.868
p.ind[118,3]   -0.646  0.338 -1.400
p.ind[119,3]   -1.525 -1.187 -0.372
p.ind[120,3]   -1.042 -0.191 -0.090
p.ind[121,3]   -1.080 -0.232 -0.113
p.ind[122,3]   -0.742 -0.313  0.682
p.ind[123,3]   -1.218 -0.390 -0.195
p.ind[124,3]   -0.696  0.277 -1.399
p.ind[125,3]   -0.809  0.068 -1.349
p.ind[126,3]   -0.808  0.400 -0.150
p.ind[127,3]   -0.236 -1.614 -0.886
p.ind[128,3]   -0.270 -0.664 -0.113
p.ind[129,3]   -1.119 -0.275 -0.136
p.ind[130,3]   -1.278 -0.465 -0.231
p.ind[131,3]    1.801  0.122  0.747
p.ind[132,3]    1.721 -0.027  0.691
p.ind[133,3]   -0.794  0.111 -1.365
p.ind[134,3]   -1.152 -0.234  0.180
p.ind[135,3]   -0.743  0.456 -0.171
p.ind[136,3]   -0.323 -1.101 -0.821
p.ind[137,3]   -0.774 -0.306  0.659
p.ind[138,3]   -1.181 -0.212  0.035
p.ind[139,3]   -0.302 -1.376 -1.081
p.ind[140,3]   -0.305 -1.360 -1.070
p.ind[141,3]   -0.808  0.400 -0.150
p.ind[142,3]   -0.322 -1.188 -0.946
p.ind[143,3]   -0.323 -1.144 -0.885
p.ind[144,3]   -0.296 -0.745 -0.210
p.ind[145,3]   -0.235 -1.643 -0.208
p.ind[146,3]   -0.451  0.632 -0.239
p.ind[147,3]   -0.324 -1.973 -0.094
