
################################################################################
# Gelman-Rubin Diagnostic
################################################################################

Generally the Gelman diagnostic should be < 1.05


Out of 895 variables: 19 > 1.01

                      
0 > 1.05

                      
0 > 1.1


The worst variables are:

              Point est. Upper C.I.
ilr.fac1[1,3]   1.026040   1.045016
p.ind[132,4]    1.022011   1.054602
p.ind[131,4]    1.021595   1.051340
p.fac2[3,4]     1.020381   1.055449
p.global[1]     1.020372   1.047438
ilr.global[3]   1.018146   1.054934
ilr.fac1[5,1]   1.017962   1.040496
p.global[4]     1.013457   1.046661
ilr.fac1[2,2]   1.012260   1.030988
p.fac1[4,1]     1.012077   1.026261


And here are the Gelman diagnostics for all variables:

               Point est. Upper C.I.
deviance        1.0013130  1.0037797
fac1.sig        1.0080842  1.0108681
fac2.sig        1.0022063  1.0088336
ilr.cont1[1]    1.0043283  1.0140807
ilr.cont1[2]    1.0005813  1.0040696
ilr.cont1[3]    1.0001467  1.0008052
ilr.fac1[1,1]   1.0005699  1.0021356
ilr.fac1[2,1]   1.0081177  1.0226201
ilr.fac1[3,1]   1.0029089  1.0112248
ilr.fac1[4,1]   1.0007430  1.0044406
ilr.fac1[5,1]   1.0179616  1.0404961
ilr.fac1[1,2]   1.0071633  1.0270305
ilr.fac1[2,2]   1.0122596  1.0309883
ilr.fac1[3,2]   1.0026381  1.0056022
ilr.fac1[4,2]   1.0004411  1.0004985
ilr.fac1[5,2]   1.0012975  1.0071403
ilr.fac1[1,3]   1.0260401  1.0450159
ilr.fac1[2,3]   1.0006625  1.0017743
ilr.fac1[3,3]   1.0104066  1.0155710
ilr.fac1[4,3]   1.0021048  1.0055022
ilr.fac1[5,3]   1.0054340  1.0155380
ilr.fac2[1,1]   1.0040060  1.0135281
ilr.fac2[2,1]   1.0003988  1.0004176
ilr.fac2[3,1]   1.0020327  1.0095489
ilr.fac2[4,1]   1.0003323  1.0020610
ilr.fac2[5,1]   1.0010346  1.0015965
ilr.fac2[6,1]   1.0035248  1.0154334
ilr.fac2[7,1]   1.0001621  1.0032223
ilr.fac2[8,1]   1.0036887  1.0158433
ilr.fac2[9,1]   1.0000834  1.0025272
ilr.fac2[10,1]  1.0038274  1.0115972
ilr.fac2[11,1]  1.0026983  1.0089205
ilr.fac2[12,1]  1.0003346  1.0015883
ilr.fac2[13,1]  1.0027359  1.0098671
ilr.fac2[14,1]  1.0027991  1.0084950
ilr.fac2[15,1]  0.9994466  0.9997484
ilr.fac2[16,1]  1.0010091  1.0033381
ilr.fac2[1,2]   1.0010980  1.0024798
ilr.fac2[2,2]   1.0031425  1.0098611
ilr.fac2[3,2]   1.0000896  1.0017333
ilr.fac2[4,2]   0.9998567  1.0010410
ilr.fac2[5,2]   1.0003300  1.0038675
ilr.fac2[6,2]   1.0021432  1.0095281
ilr.fac2[7,2]   0.9994556  1.0000975
ilr.fac2[8,2]   0.9996123  1.0005235
ilr.fac2[9,2]   1.0001310  1.0014613
ilr.fac2[10,2]  1.0013685  1.0073243
ilr.fac2[11,2]  1.0038695  1.0088987
ilr.fac2[12,2]  1.0009442  1.0054776
ilr.fac2[13,2]  0.9998206  1.0003739
ilr.fac2[14,2]  1.0001080  1.0015006
ilr.fac2[15,2]  0.9992318  0.9997063
ilr.fac2[16,2]  1.0001395  1.0025049
ilr.fac2[1,3]   1.0018807  1.0034179
ilr.fac2[2,3]   1.0018104  1.0042482
ilr.fac2[3,3]   1.0028593  1.0102556
ilr.fac2[4,3]   1.0019299  1.0038639
ilr.fac2[5,3]   1.0009607  1.0059112
ilr.fac2[6,3]   0.9994841  1.0005873
ilr.fac2[7,3]   0.9991936  0.9996424
ilr.fac2[8,3]   1.0011908  1.0048421
ilr.fac2[9,3]   1.0011178  1.0058480
ilr.fac2[10,3]  1.0014329  1.0054311
ilr.fac2[11,3]  1.0000151  1.0022285
ilr.fac2[12,3]  1.0003958  1.0040799
ilr.fac2[13,3]  0.9998820  1.0021200
ilr.fac2[14,3]  0.9999497  1.0018746
ilr.fac2[15,3]  1.0043453  1.0170837
ilr.fac2[16,3]  1.0026460  1.0094224
ilr.global[1]   1.0079427  1.0284275
ilr.global[2]   1.0087357  1.0246142
ilr.global[3]   1.0181462  1.0549340
loglik[1]       1.0014004  1.0038351
loglik[2]       1.0016676  1.0034687
loglik[3]       1.0008271  1.0026040
loglik[4]       1.0013995  1.0046452
loglik[5]       1.0003081  1.0023148
loglik[6]       1.0014772  1.0079620
loglik[7]       1.0012246  1.0065863
loglik[8]       1.0009303  1.0060328
loglik[9]       0.9991320  0.9993750
loglik[10]      1.0001238  1.0008766
loglik[11]      0.9990455  0.9990929
loglik[12]      0.9995339  0.9997466
loglik[13]      1.0030666  1.0070664
loglik[14]      1.0008491  1.0055139
loglik[15]      1.0049149  1.0121005
loglik[16]      1.0002515  1.0009008
loglik[17]      1.0008717  1.0038894
loglik[18]      1.0001375  1.0030622
loglik[19]      1.0041568  1.0123562
loglik[20]      1.0059981  1.0062072
loglik[21]      1.0020453  1.0059868
loglik[22]      1.0018430  1.0047395
loglik[23]      0.9996199  1.0011977
loglik[24]      0.9990954  0.9993204
loglik[25]      0.9998094  1.0018951
loglik[26]      0.9997564  1.0012647
loglik[27]      1.0002039  1.0017134
loglik[28]      1.0011085  1.0056019
loglik[29]      0.9994444  1.0002672
loglik[30]      1.0020295  1.0076643
loglik[31]      1.0005544  1.0030784
loglik[32]      1.0003957  1.0019576
loglik[33]      1.0013827  1.0069042
loglik[34]      1.0057894  1.0201326
loglik[35]      0.9994484  1.0004018
loglik[36]      1.0036254  1.0079220
loglik[37]      1.0045020  1.0153932
loglik[38]      1.0008259  1.0022087
loglik[39]      1.0011838  1.0057533
loglik[40]      0.9991361  0.9993025
loglik[41]      0.9992857  0.9998768
loglik[42]      1.0008873  1.0058681
loglik[43]      0.9994262  1.0004934
loglik[44]      1.0007665  1.0047107
loglik[45]      0.9999050  1.0011490
loglik[46]      0.9992950  0.9995193
loglik[47]      1.0001618  1.0028352
loglik[48]      1.0027108  1.0055840
loglik[49]      1.0003181  1.0016646
loglik[50]      1.0012198  1.0037160
loglik[51]      0.9993010  0.9995357
loglik[52]      1.0013173  1.0058256
loglik[53]      1.0015664  1.0071408
loglik[54]      0.9993060  0.9994466
loglik[55]      0.9995505  1.0003434
loglik[56]      1.0007088  1.0031361
loglik[57]      1.0002103  1.0020618
loglik[58]      1.0009976  1.0029485
loglik[59]      0.9990490  0.9990517
loglik[60]      0.9997690  1.0017760
loglik[61]      1.0000299  1.0005012
loglik[62]      1.0004549  1.0043401
loglik[63]      1.0000561  1.0021346
loglik[64]      1.0018831  1.0073100
loglik[65]      1.0015179  1.0069850
loglik[66]      1.0035504  1.0146517
loglik[67]      1.0066822  1.0240773
loglik[68]      1.0000978  1.0025700
loglik[69]      1.0001739  1.0029616
loglik[70]      1.0030554  1.0093869
loglik[71]      1.0002658  1.0030367
loglik[72]      1.0039971  1.0160397
loglik[73]      1.0004105  1.0036448
loglik[74]      1.0017736  1.0035677
loglik[75]      1.0038230  1.0123353
loglik[76]      0.9994363  0.9995950
loglik[77]      1.0001034  1.0001356
loglik[78]      1.0001592  1.0015626
loglik[79]      1.0012518  1.0059771
loglik[80]      1.0023079  1.0102708
loglik[81]      1.0006765  1.0008564
loglik[82]      1.0003511  1.0030282
loglik[83]      1.0009864  1.0017134
loglik[84]      0.9997385  1.0011022
loglik[85]      1.0004104  1.0029923
loglik[86]      0.9995756  0.9997575
loglik[87]      1.0045333  1.0150350
loglik[88]      1.0031244  1.0081260
loglik[89]      1.0050245  1.0162115
loglik[90]      1.0002933  1.0026104
loglik[91]      1.0008390  1.0036628
loglik[92]      1.0026986  1.0084354
loglik[93]      1.0016243  1.0062954
loglik[94]      0.9991092  0.9993372
loglik[95]      1.0002409  1.0003444
loglik[96]      1.0026507  1.0060906
loglik[97]      1.0004680  1.0034483
loglik[98]      1.0008956  1.0026640
loglik[99]      1.0004794  1.0023623
loglik[100]     0.9997872  1.0017656
loglik[101]     0.9998812  1.0004133
loglik[102]     0.9991125  0.9994107
loglik[103]     1.0060900  1.0152361
loglik[104]     1.0040526  1.0096868
loglik[105]     1.0081435  1.0271770
loglik[106]     1.0014632  1.0046414
loglik[107]     1.0015781  1.0073727
loglik[108]     1.0008891  1.0040957
loglik[109]     1.0010517  1.0060733
loglik[110]     0.9998454  1.0002694
loglik[111]     1.0003940  1.0014964
loglik[112]     1.0003213  1.0030275
loglik[113]     1.0014914  1.0054152
loglik[114]     1.0012708  1.0023020
loglik[115]     0.9995758  1.0008712
loglik[116]     1.0023065  1.0067090
loglik[117]     0.9997902  1.0003855
loglik[118]     0.9997760  1.0013311
loglik[119]     1.0033511  1.0107027
loglik[120]     1.0040129  1.0132126
loglik[121]     1.0019780  1.0096773
loglik[122]     0.9994409  1.0006013
loglik[123]     1.0037963  1.0146231
loglik[124]     0.9996236  1.0002161
loglik[125]     1.0001253  1.0023103
loglik[126]     1.0021450  1.0046094
loglik[127]     1.0014315  1.0014859
loglik[128]     1.0003269  1.0033829
loglik[129]     1.0037052  1.0141277
loglik[130]     1.0017230  1.0086865
loglik[131]     1.0081359  1.0117697
loglik[132]     1.0016087  1.0020145
loglik[133]     1.0098910  1.0118915
loglik[134]     1.0039889  1.0101487
loglik[135]     1.0004572  1.0014469
loglik[136]     1.0005163  1.0020676
loglik[137]     0.9994057  1.0004627
loglik[138]     1.0060259  1.0125793
loglik[139]     1.0010559  1.0011773
loglik[140]     1.0014703  1.0026748
loglik[141]     1.0028001  1.0077378
loglik[142]     1.0004735  1.0036764
loglik[143]     1.0002571  1.0004072
loglik[144]     0.9996738  1.0014040
loglik[145]     1.0008479  1.0012694
loglik[146]     1.0029783  1.0054079
loglik[147]     1.0030575  1.0117181
p.fac1[1,1]     1.0014374  1.0068677
p.fac1[2,1]     1.0051805  1.0161043
p.fac1[3,1]     1.0035618  1.0087327
p.fac1[4,1]     1.0120772  1.0262607
p.fac1[5,1]     1.0078012  1.0112099
p.fac1[1,2]     1.0036943  1.0146894
p.fac1[2,2]     1.0086537  1.0333404
p.fac1[3,2]     0.9994062  1.0004281
p.fac1[4,2]     1.0001625  1.0006954
p.fac1[5,2]     0.9997386  1.0006023
p.fac1[1,3]     0.9999313  1.0016771
p.fac1[2,3]     1.0018933  1.0070569
p.fac1[3,3]     1.0024556  1.0080090
p.fac1[4,3]     1.0025941  1.0100528
p.fac1[5,3]     1.0010392  1.0054849
p.fac1[1,4]     1.0036899  1.0097724
p.fac1[2,4]     1.0084210  1.0295017
p.fac1[3,4]     1.0028769  1.0125593
p.fac1[4,4]     1.0088696  1.0291998
p.fac1[5,4]     1.0052031  1.0189109
p.fac2[1,1]     1.0006829  1.0008468
p.fac2[2,1]     1.0033628  1.0104774
p.fac2[3,1]     1.0009843  1.0010150
p.fac2[4,1]     1.0076788  1.0286113
p.fac2[5,1]     1.0025356  1.0079283
p.fac2[6,1]     1.0008753  1.0020680
p.fac2[7,1]     1.0006264  1.0035739
p.fac2[8,1]     1.0054005  1.0171161
p.fac2[9,1]     1.0023688  1.0107039
p.fac2[10,1]    1.0016466  1.0043561
p.fac2[11,1]    1.0033817  1.0147383
p.fac2[12,1]    1.0053833  1.0158054
p.fac2[13,1]    1.0044016  1.0139634
p.fac2[14,1]    1.0055873  1.0174184
p.fac2[15,1]    1.0024703  1.0114316
p.fac2[16,1]    1.0001197  1.0030716
p.fac2[1,2]     1.0025813  1.0111556
p.fac2[2,2]     1.0013634  1.0065742
p.fac2[3,2]     1.0005903  1.0019761
p.fac2[4,2]     1.0096015  1.0276970
p.fac2[5,2]     1.0005084  1.0040005
p.fac2[6,2]     1.0043447  1.0109146
p.fac2[7,2]     1.0047245  1.0189726
p.fac2[8,2]     1.0015627  1.0058587
p.fac2[9,2]     1.0028993  1.0129645
p.fac2[10,2]    1.0072156  1.0193024
p.fac2[11,2]    1.0093581  1.0314436
p.fac2[12,2]    1.0054615  1.0178474
p.fac2[13,2]    1.0021701  1.0082873
p.fac2[14,2]    1.0088809  1.0281623
p.fac2[15,2]    1.0099806  1.0353535
p.fac2[16,2]    1.0065990  1.0259670
p.fac2[1,3]     1.0012541  1.0067246
p.fac2[2,3]     0.9995576  1.0008274
p.fac2[3,3]     1.0030000  1.0101816
p.fac2[4,3]     1.0006265  1.0037064
p.fac2[5,3]     1.0009499  1.0020369
p.fac2[6,3]     1.0066690  1.0238694
p.fac2[7,3]     1.0017150  1.0083253
p.fac2[8,3]     1.0036715  1.0158872
p.fac2[9,3]     0.9999134  1.0020984
p.fac2[10,3]    1.0021023  1.0099709
p.fac2[11,3]    1.0019211  1.0070128
p.fac2[12,3]    1.0023984  1.0102790
p.fac2[13,3]    1.0046361  1.0168244
p.fac2[14,3]    1.0006526  1.0044629
p.fac2[15,3]    1.0018051  1.0090848
p.fac2[16,3]    1.0006454  1.0035540
p.fac2[1,4]     1.0059092  1.0230205
p.fac2[2,4]     1.0057561  1.0193507
p.fac2[3,4]     1.0203810  1.0554493
p.fac2[4,4]     1.0104998  1.0249061
p.fac2[5,4]     1.0010250  1.0054203
p.fac2[6,4]     1.0080138  1.0309601
p.fac2[7,4]     1.0031476  1.0140876
p.fac2[8,4]     1.0017689  1.0080919
p.fac2[9,4]     1.0015553  1.0073207
p.fac2[10,4]    1.0072514  1.0264201
p.fac2[11,4]    1.0020733  1.0098776
p.fac2[12,4]    1.0027244  1.0103098
p.fac2[13,4]    1.0048358  1.0190103
p.fac2[14,4]    1.0029801  1.0098720
p.fac2[15,4]    1.0093940  1.0344460
p.fac2[16,4]    1.0084947  1.0279770
p.global[1]     1.0203718  1.0474376
p.global[2]     1.0026190  1.0077995
p.global[3]     1.0103945  1.0368902
p.global[4]     1.0134574  1.0466605
p.ind[1,1]      1.0078930  1.0304065
p.ind[2,1]      1.0079131  1.0309337
p.ind[3,1]      1.0076848  1.0303183
p.ind[4,1]      1.0073841  1.0292088
p.ind[5,1]      1.0051940  1.0211253
p.ind[6,1]      1.0050415  1.0205692
p.ind[7,1]      1.0055607  1.0224640
p.ind[8,1]      1.0036400  1.0154579
p.ind[9,1]      1.0043006  1.0178687
p.ind[10,1]     1.0025742  1.0115486
p.ind[11,1]     1.0031263  1.0135777
p.ind[12,1]     1.0030943  1.0134603
p.ind[13,1]     1.0022139  1.0102182
p.ind[14,1]     1.0038226  1.0097792
p.ind[15,1]     1.0018730  1.0055658
p.ind[16,1]     1.0032356  1.0117092
p.ind[17,1]     1.0002974  1.0036884
p.ind[18,1]     1.0019115  1.0095068
p.ind[19,1]     1.0030132  1.0133573
p.ind[20,1]     0.9999130  1.0013045
p.ind[21,1]     1.0014572  1.0032742
p.ind[22,1]     1.0012579  1.0028524
p.ind[23,1]     1.0005054  1.0043205
p.ind[24,1]     1.0005970  1.0034749
p.ind[25,1]     1.0002659  1.0024013
p.ind[26,1]     1.0004002  1.0040158
p.ind[27,1]     1.0010689  1.0051695
p.ind[28,1]     1.0011398  1.0054478
p.ind[29,1]     1.0021428  1.0098880
p.ind[30,1]     1.0006165  1.0046100
p.ind[31,1]     1.0003591  1.0038882
p.ind[32,1]     1.0012155  1.0040553
p.ind[33,1]     1.0006165  1.0046100
p.ind[34,1]     1.0030132  1.0133573
p.ind[35,1]     1.0019115  1.0095068
p.ind[36,1]     1.0012579  1.0028524
p.ind[37,1]     1.0062677  1.0126349
p.ind[38,1]     1.0013563  1.0030586
p.ind[39,1]     1.0015075  1.0042535
p.ind[40,1]     1.0059586  1.0122834
p.ind[41,1]     1.0025400  1.0116734
p.ind[42,1]     1.0074285  1.0181575
p.ind[43,1]     1.0077396  1.0186323
p.ind[44,1]     1.0015852  1.0043103
p.ind[45,1]     1.0005162  1.0043500
p.ind[46,1]     1.0007081  1.0038524
p.ind[47,1]     1.0013180  1.0061684
p.ind[48,1]     1.0005054  1.0043205
p.ind[49,1]     1.0013180  1.0061684
p.ind[50,1]     1.0010282  1.0023803
p.ind[51,1]     1.0053733  1.0116137
p.ind[52,1]     1.0012855  1.0041005
p.ind[53,1]     1.0005004  1.0037416
p.ind[54,1]     1.0006719  1.0037285
p.ind[55,1]     1.0018416  1.0088138
p.ind[56,1]     1.0009631  1.0047667
p.ind[57,1]     1.0010189  1.0039380
p.ind[58,1]     1.0014315  1.0041996
p.ind[59,1]     1.0076742  1.0185675
p.ind[60,1]     1.0013575  1.0041486
p.ind[61,1]     1.0017460  1.0044322
p.ind[62,1]     1.0029190  1.0129694
p.ind[63,1]     1.0036744  1.0128204
p.ind[64,1]     1.0004522  1.0041704
p.ind[65,1]     1.0004522  1.0041704
p.ind[66,1]     1.0038478  1.0098103
p.ind[67,1]     1.0047698  1.0109143
p.ind[68,1]     1.0041148  1.0101367
p.ind[69,1]     1.0015601  1.0082894
p.ind[70,1]     1.0023804  1.0058138
p.ind[71,1]     1.0019115  1.0095068
p.ind[72,1]     1.0025527  1.0066893
p.ind[73,1]     1.0030132  1.0133573
p.ind[74,1]     1.0076762  1.0182865
p.ind[75,1]     1.0032418  1.0142242
p.ind[76,1]     1.0065229  1.0177712
p.ind[77,1]     1.0030509  1.0134968
p.ind[78,1]     1.0036060  1.0121966
p.ind[79,1]     1.0012826  1.0068316
p.ind[80,1]     1.0044547  1.0126164
p.ind[81,1]     1.0078969  1.0304489
p.ind[82,1]     1.0003016  1.0033470
p.ind[83,1]     1.0079211  1.0308652
p.ind[84,1]     1.0060349  1.0123702
p.ind[85,1]     1.0015852  1.0043103
p.ind[86,1]     1.0024563  1.0110247
p.ind[87,1]     1.0076915  1.0183591
p.ind[88,1]     1.0044232  1.0140080
p.ind[89,1]     1.0006490  1.0009622
p.ind[90,1]     1.0077850  1.0203164
p.ind[91,1]     1.0010870  1.0061384
p.ind[92,1]     1.0063236  1.0177801
p.ind[93,1]     1.0013067  1.0029543
p.ind[94,1]     1.0007950  1.0019023
p.ind[95,1]     1.0076546  1.0181664
p.ind[96,1]     1.0048659  1.0134052
p.ind[97,1]     1.0005566  1.0013782
p.ind[98,1]     1.0007297  1.0017656
p.ind[99,1]     1.0079189  1.0309026
p.ind[100,1]    1.0053033  1.0115331
p.ind[101,1]    1.0022503  1.0102746
p.ind[102,1]    1.0025047  1.0112040
p.ind[103,1]    1.0078542  1.0300341
p.ind[104,1]    1.0033664  1.0148549
p.ind[105,1]    1.0078520  1.0308600
p.ind[106,1]    1.0039594  1.0130122
p.ind[107,1]    1.0033693  1.0149151
p.ind[108,1]    1.0041416  1.0134130
p.ind[109,1]    1.0075654  1.0183934
p.ind[110,1]    1.0009049  1.0045516
p.ind[111,1]    1.0003831  1.0037619
p.ind[112,1]    1.0005582  1.0033454
p.ind[113,1]    1.0010189  1.0039380
p.ind[114,1]    1.0011213  1.0061861
p.ind[115,1]    1.0048339  1.0109891
p.ind[116,1]    1.0035081  1.0151767
p.ind[117,1]    1.0054440  1.0116949
p.ind[118,1]    1.0029253  1.0109281
p.ind[119,1]    1.0060994  1.0173434
p.ind[120,1]    1.0080424  1.0207255
p.ind[121,1]    1.0078705  1.0204532
p.ind[122,1]    1.0050218  1.0151860
p.ind[123,1]    1.0072793  1.0194858
p.ind[124,1]    1.0026572  1.0102518
p.ind[125,1]    1.0018233  1.0080690
p.ind[126,1]    1.0021889  1.0095564
p.ind[127,1]    1.0011446  1.0013324
p.ind[128,1]    1.0012522  1.0027198
p.ind[129,1]    1.0076997  1.0201790
p.ind[130,1]    1.0070324  1.0190650
p.ind[131,1]    1.0034834  1.0036851
p.ind[132,1]    1.0020182  1.0020925
p.ind[133,1]    1.0019730  1.0084787
p.ind[134,1]    1.0020389  1.0079738
p.ind[135,1]    1.0026162  1.0106840
p.ind[136,1]    1.0006646  1.0011001
p.ind[137,1]    1.0048165  1.0147941
p.ind[138,1]    1.0012927  1.0056787
p.ind[139,1]    1.0007408  1.0008549
p.ind[140,1]    1.0007261  1.0008481
p.ind[141,1]    1.0021889  1.0095564
p.ind[142,1]    1.0006490  1.0009403
p.ind[143,1]    1.0006521  1.0010118
p.ind[144,1]    1.0009832  1.0020894
p.ind[145,1]    1.0033808  1.0149717
p.ind[146,1]    1.0048648  1.0158847
p.ind[147,1]    1.0033805  1.0147437
p.ind[1,2]      1.0095321  1.0307257
p.ind[2,2]      1.0094231  1.0324944
p.ind[3,2]      1.0091246  1.0337673
p.ind[4,2]      1.0088955  1.0338321
p.ind[5,2]      1.0079201  1.0310845
p.ind[6,2]      1.0078638  1.0308534
p.ind[7,2]      1.0080574  1.0316307
p.ind[8,2]      1.0073518  1.0286248
p.ind[9,2]      1.0075937  1.0296999
p.ind[10,2]     1.0069436  1.0267540
p.ind[11,2]     1.0071592  1.0277491
p.ind[12,2]     1.0071470  1.0276931
p.ind[13,2]     1.0067957  1.0260627
p.ind[14,2]     1.0003681  1.0029438
p.ind[15,2]     1.0009732  1.0032813
p.ind[16,2]     1.0012344  1.0036552
p.ind[17,2]     1.0078145  1.0290894
p.ind[18,2]     1.0090297  1.0327158
p.ind[19,2]     1.0109438  1.0376707
p.ind[20,2]     1.0048897  1.0187041
p.ind[21,2]     1.0042194  1.0107683
p.ind[22,2]     1.0043229  1.0109465
p.ind[23,2]     1.0088555  1.0309709
p.ind[24,2]     1.0047281  1.0189776
p.ind[25,2]     1.0047854  1.0189209
p.ind[26,2]     1.0084461  1.0303803
p.ind[27,2]     1.0046916  1.0185032
p.ind[28,2]     1.0046863  1.0183113
p.ind[29,2]     1.0029740  1.0130762
p.ind[30,2]     1.0089889  1.0308214
p.ind[31,2]     1.0082149  1.0299408
p.ind[32,2]     1.0073466  1.0202083
p.ind[33,2]     1.0089889  1.0308214
p.ind[34,2]     1.0109438  1.0376707
p.ind[35,2]     1.0090297  1.0327158
p.ind[36,2]     1.0043229  1.0109465
p.ind[37,2]     1.0001764  1.0020198
p.ind[38,2]     1.0042782  1.0108724
p.ind[39,2]     1.0072602  1.0195891
p.ind[40,2]     1.0002046  1.0021011
p.ind[41,2]     1.0101042  1.0356723
p.ind[42,2]     1.0018995  1.0079780
p.ind[43,2]     1.0016331  1.0064518
p.ind[44,2]     1.0072355  1.0194283
p.ind[45,2]     1.0088815  1.0309887
p.ind[46,2]     1.0047158  1.0189469
p.ind[47,2]     1.0046555  1.0175594
p.ind[48,2]     1.0088555  1.0309709
p.ind[49,2]     1.0046555  1.0175594
p.ind[50,2]     1.0043703  1.0109983
p.ind[51,2]     1.0002559  1.0022763
p.ind[52,2]     1.0073268  1.0200573
p.ind[53,2]     1.0075296  1.0219819
p.ind[54,2]     1.0047194  1.0189605
p.ind[55,2]     1.0030569  1.0131001
p.ind[56,2]     1.0046976  1.0187093
p.ind[57,2]     1.0073997  1.0206442
p.ind[58,2]     1.0072836  1.0197476
p.ind[59,2]     1.0018475  1.0073445
p.ind[60,2]     1.0073058  1.0199037
p.ind[61,2]     1.0071823  1.0191003
p.ind[62,2]     1.0017920  1.0089955
p.ind[63,2]     1.0012333  1.0039763
p.ind[64,2]     1.0086835  1.0307691
p.ind[65,2]     1.0086835  1.0307691
p.ind[66,2]     1.0003665  1.0029294
p.ind[67,2]     1.0003041  1.0024931
p.ind[68,2]     1.0003493  1.0027861
p.ind[69,2]     1.0084780  1.0310147
p.ind[70,2]     1.0030878  1.0083972
p.ind[71,2]     1.0090297  1.0327158
p.ind[72,2]     1.0026633  1.0074048
p.ind[73,2]     1.0109438  1.0376707
p.ind[74,2]     1.0009562  1.0042522
p.ind[75,2]     1.0112973  1.0383534
p.ind[76,2]     1.0016893  1.0078404
p.ind[77,2]     1.0110073  1.0378058
p.ind[78,2]     1.0024343  1.0084185
p.ind[79,2]     1.0032136  1.0129995
p.ind[80,2]     1.0013780  1.0069214
p.ind[81,2]     1.0095286  1.0308236
p.ind[82,2]     1.0035652  1.0126710
p.ind[83,2]     1.0094617  1.0320697
p.ind[84,2]     1.0001977  1.0020804
p.ind[85,2]     1.0072355  1.0194283
p.ind[86,2]     1.0028625  1.0128793
p.ind[87,2]     1.0010510  1.0045448
p.ind[88,2]     1.0021634  1.0082832
p.ind[89,2]     1.0020681  1.0097381
p.ind[90,2]     1.0060257  1.0214428
p.ind[91,2]     1.0032746  1.0129453
p.ind[92,2]     1.0058722  1.0198202
p.ind[93,2]     1.0043024  1.0109132
p.ind[94,2]     1.0043060  1.0108188
p.ind[95,2]     1.0008158  1.0038204
p.ind[96,2]     1.0013994  1.0070732
p.ind[97,2]     1.0039966  1.0101406
p.ind[98,2]     1.0042571  1.0107059
p.ind[99,2]     1.0094457  1.0322623
p.ind[100,2]    1.0002618  1.0022994
p.ind[101,2]    1.0029410  1.0130379
p.ind[102,2]    1.0028388  1.0128163
p.ind[103,2]    1.0095544  1.0299543
p.ind[104,2]    1.0092316  1.0311221
p.ind[105,2]    1.0093089  1.0332531
p.ind[106,2]    1.0023129  1.0083667
p.ind[107,2]    1.0091381  1.0308693
p.ind[108,2]    1.0022525  1.0083356
p.ind[109,2]    1.0019069  1.0077708
p.ind[110,2]    1.0047009  1.0187905
p.ind[111,2]    1.0075656  1.0224228
p.ind[112,2]    1.0047331  1.0189811
p.ind[113,2]    1.0073997  1.0206442
p.ind[114,2]    1.0074845  1.0246160
p.ind[115,2]    1.0002993  1.0024680
p.ind[116,2]    1.0084904  1.0289865
p.ind[117,2]    1.0002499  1.0022535
p.ind[118,2]    1.0012587  1.0034719
p.ind[119,2]    1.0057989  1.0194111
p.ind[120,2]    1.0060060  1.0215532
p.ind[121,2]    1.0060204  1.0214848
p.ind[122,2]    1.0019945  1.0081613
p.ind[123,2]    1.0060288  1.0210808
p.ind[124,2]    1.0012962  1.0033396
p.ind[125,2]    1.0015467  1.0030766
p.ind[126,2]    1.0078325  1.0258693
p.ind[127,2]    1.0041233  1.0147121
p.ind[128,2]    1.0009104  1.0051837
p.ind[129,2]    1.0060297  1.0213956
p.ind[130,2]    1.0060105  1.0208297
p.ind[131,2]    1.0013093  1.0026128
p.ind[132,2]    1.0011327  1.0024439
p.ind[133,2]    1.0014810  1.0031060
p.ind[134,2]    1.0029205  1.0083983
p.ind[135,2]    1.0079701  1.0262371
p.ind[136,2]    1.0018048  1.0089344
p.ind[137,2]    1.0020491  1.0082041
p.ind[138,2]    1.0030275  1.0081388
p.ind[139,2]    1.0029213  1.0120163
p.ind[140,2]    1.0028478  1.0118345
p.ind[141,2]    1.0078325  1.0258693
p.ind[142,2]    1.0021252  1.0099046
p.ind[143,2]    1.0019583  1.0094107
p.ind[144,2]    1.0010791  1.0061589
p.ind[145,2]    1.0090308  1.0305704
p.ind[146,2]    1.0086653  1.0277512
p.ind[147,2]    1.0093536  1.0314330
p.ind[1,3]      1.0002392  1.0027045
p.ind[2,3]      1.0000487  1.0022296
p.ind[3,3]      1.0000068  1.0022191
p.ind[4,3]      1.0000839  1.0025259
p.ind[5,3]      1.0005552  1.0042779
p.ind[6,3]      1.0005774  1.0043614
p.ind[7,3]      1.0004972  1.0040602
p.ind[8,3]      1.0007360  1.0049636
p.ind[9,3]      1.0006706  1.0047142
p.ind[10,3]     1.0008125  1.0052534
p.ind[11,3]     1.0007770  1.0051198
p.ind[12,3]     1.0007793  1.0051285
p.ind[13,3]     1.0008311  1.0053219
p.ind[14,3]     1.0004677  1.0016217
p.ind[15,3]     1.0002468  1.0011043
p.ind[16,3]     1.0034236  1.0132651
p.ind[17,3]     1.0008231  1.0039751
p.ind[18,3]     1.0009746  1.0060022
p.ind[19,3]     1.0028959  1.0131345
p.ind[20,3]     1.0009872  1.0062774
p.ind[21,3]     1.0073505  1.0262951
p.ind[22,3]     1.0072220  1.0256931
p.ind[23,3]     1.0012446  1.0062182
p.ind[24,3]     1.0016669  1.0082074
p.ind[25,3]     1.0012504  1.0071111
p.ind[26,3]     1.0010247  1.0049384
p.ind[27,3]     1.0027355  1.0106263
p.ind[28,3]     1.0029543  1.0110892
p.ind[29,3]     0.9997256  1.0014348
p.ind[30,3]     1.0015045  1.0075640
p.ind[31,3]     1.0009427  1.0045016
p.ind[32,3]     1.0027578  1.0123472
p.ind[33,3]     1.0015045  1.0075640
p.ind[34,3]     1.0028959  1.0131345
p.ind[35,3]     1.0009746  1.0060022
p.ind[36,3]     1.0072220  1.0256931
p.ind[37,3]     0.9999865  1.0020878
p.ind[38,3]     1.0072975  1.0260169
p.ind[39,3]     1.0022933  1.0106710
p.ind[40,3]     1.0000060  1.0019924
p.ind[41,3]     1.0019287  1.0095437
p.ind[42,3]     1.0006523  1.0049757
p.ind[43,3]     1.0010287  1.0060826
p.ind[44,3]     1.0021843  1.0102724
p.ind[45,3]     1.0012686  1.0063538
p.ind[46,3]     1.0018599  1.0086730
p.ind[47,3]     1.0035339  1.0122853
p.ind[48,3]     1.0012446  1.0062182
p.ind[49,3]     1.0035339  1.0122853
p.ind[50,3]     1.0069451  1.0247188
p.ind[51,3]     1.0000726  1.0018293
p.ind[52,3]     1.0026382  1.0119178
p.ind[53,3]     1.0044329  1.0182980
p.ind[54,3]     1.0017937  1.0085153
p.ind[55,3]     0.9996656  1.0011577
p.ind[56,3]     1.0024363  1.0099800
p.ind[57,3]     1.0031256  1.0136609
p.ind[58,3]     1.0024055  1.0110787
p.ind[59,3]     1.0009015  1.0057812
p.ind[60,3]     1.0025206  1.0114946
p.ind[61,3]     1.0019769  1.0095060
p.ind[62,3]     1.0021009  1.0094902
p.ind[63,3]     1.0035472  1.0144024
p.ind[64,3]     1.0011307  1.0055544
p.ind[65,3]     1.0011307  1.0055544
p.ind[66,3]     1.0004589  1.0016209
p.ind[67,3]     1.0001880  1.0016986
p.ind[68,3]     1.0003697  1.0016238
p.ind[69,3]     1.0006270  1.0046476
p.ind[70,3]     1.0067305  1.0258896
p.ind[71,3]     1.0009746  1.0060022
p.ind[72,3]     1.0062732  1.0246427
p.ind[73,3]     1.0028959  1.0131345
p.ind[74,3]     1.0011034  1.0058934
p.ind[75,3]     1.0034840  1.0152676
p.ind[76,3]     1.0056810  1.0199813
p.ind[77,3]     1.0029854  1.0134631
p.ind[78,3]     1.0037790  1.0143654
p.ind[79,3]     0.9998264  1.0015299
p.ind[80,3]     0.9996948  1.0013338
p.ind[81,3]     1.0002274  1.0026743
p.ind[82,3]     1.0001535  1.0025258
p.ind[83,3]     1.0000885  1.0023246
p.ind[84,3]     1.0000003  1.0020155
p.ind[85,3]     1.0021843  1.0102724
p.ind[86,3]     1.0000358  1.0025160
p.ind[87,3]     1.0011037  1.0059631
p.ind[88,3]     1.0046555  1.0168803
p.ind[89,3]     1.0008628  1.0055610
p.ind[90,3]     1.0048560  1.0191147
p.ind[91,3]     0.9999102  1.0017638
p.ind[92,3]     1.0034437  1.0138685
p.ind[93,3]     1.0072625  1.0258604
p.ind[94,3]     1.0064869  1.0233395
p.ind[95,3]     1.0010994  1.0057714
p.ind[96,3]     0.9997619  1.0015829
p.ind[97,3]     1.0056874  1.0211341
p.ind[98,3]     1.0063150  1.0228527
p.ind[99,3]     1.0000698  1.0022793
p.ind[100,3]    1.0000834  1.0018118
p.ind[101,3]    0.9997952  1.0016871
p.ind[102,3]    1.0001191  1.0027980
p.ind[103,3]    1.0003352  1.0029513
p.ind[104,3]    1.0024156  1.0086785
p.ind[105,3]    0.9999977  1.0021283
p.ind[106,3]    1.0041925  1.0155514
p.ind[107,3]    1.0026946  1.0096024
p.ind[108,3]    1.0043859  1.0161056
p.ind[109,3]    1.0007747  1.0053911
p.ind[110,3]    1.0022871  1.0096506
p.ind[111,3]    1.0049107  1.0199732
p.ind[112,3]    1.0016066  1.0080578
p.ind[113,3]    1.0031256  1.0136609
p.ind[114,3]    0.9992317  0.9995314
p.ind[115,3]    1.0001733  1.0017101
p.ind[116,3]    1.0039280  1.0134409
p.ind[117,3]    1.0000623  1.0018474
p.ind[118,3]    1.0032980  1.0122910
p.ind[119,3]    1.0031802  1.0129568
p.ind[120,3]    1.0050322  1.0198206
p.ind[121,3]    1.0049169  1.0193575
p.ind[122,3]    1.0051093  1.0182019
p.ind[123,3]    1.0044449  1.0175156
p.ind[124,3]    1.0031541  1.0113423
p.ind[125,3]    1.0024252  1.0078318
p.ind[126,3]    0.9995796  1.0005500
p.ind[127,3]    1.0022104  1.0091708
p.ind[128,3]    0.9998711  1.0021448
p.ind[129,3]    1.0047928  1.0188647
p.ind[130,3]    1.0042126  1.0166397
p.ind[131,3]    1.0011210  1.0060091
p.ind[132,3]    1.0016683  1.0073261
p.ind[133,3]    1.0025910  1.0085158
p.ind[134,3]    1.0017005  1.0081607
p.ind[135,3]    0.9997215  1.0010132
p.ind[136,3]    1.0006563  1.0049013
p.ind[137,3]    1.0049714  1.0177966
p.ind[138,3]    1.0007592  1.0051509
p.ind[139,3]    1.0015015  1.0074064
p.ind[140,3]    1.0014491  1.0072652
p.ind[141,3]    0.9995796  1.0005500
p.ind[142,3]    1.0009071  1.0056984
p.ind[143,3]    1.0007772  1.0052913
p.ind[144,3]    1.0000451  1.0027825
p.ind[145,3]    1.0029656  1.0104843
p.ind[146,3]    1.0004357  1.0036131
p.ind[147,3]    1.0019425  1.0070853
p.ind[1,4]      1.0093778  1.0252725
p.ind[2,4]      1.0086578  1.0254390
p.ind[3,4]      1.0077519  1.0252894
p.ind[4,4]      1.0072696  1.0249547
p.ind[5,4]      1.0057138  1.0223314
p.ind[6,4]      1.0056370  1.0221402
p.ind[7,4]      1.0059052  1.0227846
p.ind[8,4]      1.0049669  1.0202670
p.ind[9,4]      1.0052784  1.0211804
p.ind[10,4]     1.0044464  1.0186067
p.ind[11,4]     1.0047214  1.0195028
p.ind[12,4]     1.0047059  1.0194532
p.ind[13,4]     1.0042558  1.0179641
p.ind[14,4]     1.0011061  1.0056768
p.ind[15,4]     1.0008545  1.0010809
p.ind[16,4]     1.0038047  1.0121180
p.ind[17,4]     1.0090903  1.0299959
p.ind[18,4]     1.0094526  1.0349145
p.ind[19,4]     1.0090455  1.0329029
p.ind[20,4]     1.0032156  1.0141329
p.ind[21,4]     1.0084920  1.0329390
p.ind[22,4]     1.0083945  1.0325063
p.ind[23,4]     1.0095022  1.0304323
p.ind[24,4]     1.0031531  1.0141046
p.ind[25,4]     1.0031996  1.0142047
p.ind[26,4]     1.0093214  1.0304213
p.ind[27,4]     1.0030390  1.0136077
p.ind[28,4]     1.0030167  1.0134763
p.ind[29,4]     1.0016274  1.0076530
p.ind[30,4]     1.0096579  1.0301624
p.ind[31,4]     1.0092370  1.0303097
p.ind[32,4]     1.0074905  1.0276140
p.ind[33,4]     1.0096579  1.0301624
p.ind[34,4]     1.0090455  1.0329029
p.ind[35,4]     1.0094526  1.0349145
p.ind[36,4]     1.0083945  1.0325063
p.ind[37,4]     1.0010819  1.0051012
p.ind[38,4]     1.0084500  1.0327479
p.ind[39,4]     1.0073265  1.0267967
p.ind[40,4]     1.0010778  1.0051630
p.ind[41,4]     1.0093701  1.0343225
p.ind[42,4]     1.0070383  1.0217237
p.ind[43,4]     1.0069677  1.0198796
p.ind[44,4]     1.0072843  1.0265852
p.ind[45,4]     1.0095186  1.0304161
p.ind[46,4]     1.0031314  1.0140324
p.ind[47,4]     1.0029560  1.0130455
p.ind[48,4]     1.0095022  1.0304323
p.ind[49,4]     1.0029560  1.0130455
p.ind[50,4]     1.0082025  1.0317108
p.ind[51,4]     1.0010740  1.0052904
p.ind[52,4]     1.0074503  1.0274147
p.ind[53,4]     1.0079428  1.0297679
p.ind[54,4]     1.0031388  1.0140583
p.ind[55,4]     1.0016899  1.0079362
p.ind[56,4]     1.0030698  1.0137694
p.ind[57,4]     1.0076067  1.0281865
p.ind[58,4]     1.0073682  1.0270056
p.ind[59,4]     1.0070414  1.0208093
p.ind[60,4]     1.0074096  1.0272117
p.ind[61,4]     1.0071989  1.0261560
p.ind[62,4]     1.0006557  1.0037846
p.ind[63,4]     1.0034705  1.0115630
p.ind[64,4]     1.0094162  1.0304693
p.ind[65,4]     1.0094162  1.0304693
p.ind[66,4]     1.0011051  1.0056710
p.ind[67,4]     1.0010780  1.0054362
p.ind[68,4]     1.0010946  1.0056050
p.ind[69,4]     1.0093990  1.0348025
p.ind[70,4]     1.0078741  1.0308782
p.ind[71,4]     1.0094526  1.0349145
p.ind[72,4]     1.0071902  1.0284013
p.ind[73,4]     1.0090455  1.0329029
p.ind[74,4]     1.0065485  1.0175015
p.ind[75,4]     1.0087082  1.0315863
p.ind[76,4]     1.0037578  1.0152426
p.ind[77,4]     1.0090019  1.0327277
p.ind[78,4]     1.0053461  1.0207967
p.ind[79,4]     1.0017446  1.0081624
p.ind[80,4]     1.0062077  1.0208954
p.ind[81,4]     1.0093413  1.0252839
p.ind[82,4]     1.0017237  1.0079315
p.ind[83,4]     1.0088489  1.0254110
p.ind[84,4]     1.0010787  1.0051474
p.ind[85,4]     1.0072843  1.0265852
p.ind[86,4]     1.0015185  1.0071499
p.ind[87,4]     1.0066294  1.0178617
p.ind[88,4]     1.0048225  1.0189638
p.ind[89,4]     1.0052063  1.0208702
p.ind[90,4]     1.0024765  1.0078053
p.ind[91,4]     1.0017504  1.0081740
p.ind[92,4]     1.0026763  1.0094255
p.ind[93,4]     1.0084239  1.0326331
p.ind[94,4]     1.0078874  1.0304681
p.ind[95,4]     1.0064084  1.0169255
p.ind[96,4]     1.0063558  1.0213534
p.ind[97,4]     1.0072864  1.0282097
p.ind[98,4]     1.0077654  1.0299998
p.ind[99,4]     1.0087646  1.0254253
p.ind[100,4]    1.0010740  1.0053065
p.ind[101,4]    1.0015965  1.0075112
p.ind[102,4]    1.0014950  1.0070414
p.ind[103,4]    1.0096605  1.0251790
p.ind[104,4]    1.0019860  1.0097035
p.ind[105,4]    1.0082391  1.0254365
p.ind[106,4]    1.0051159  1.0199898
p.ind[107,4]    1.0019348  1.0095815
p.ind[108,4]    1.0049988  1.0195803
p.ind[109,4]    1.0070516  1.0213514
p.ind[110,4]    1.0030854  1.0138435
p.ind[111,4]    1.0080183  1.0300650
p.ind[112,4]    1.0031599  1.0141249
p.ind[113,4]    1.0076067  1.0281865
p.ind[114,4]    1.0012216  1.0068054
p.ind[115,4]    1.0010771  1.0054201
p.ind[116,4]    1.0016980  1.0088409
p.ind[117,4]    1.0010742  1.0052742
p.ind[118,4]    1.0039908  1.0124016
p.ind[119,4]    1.0026973  1.0096627
p.ind[120,4]    1.0024359  1.0075264
p.ind[121,4]    1.0024631  1.0077121
p.ind[122,4]    1.0044732  1.0177420
p.ind[123,4]    1.0025534  1.0083642
p.ind[124,4]    1.0041115  1.0125640
p.ind[125,4]    1.0041346  1.0123383
p.ind[126,4]    1.0016774  1.0078440
p.ind[127,4]    1.0076632  1.0275019
p.ind[128,4]    1.0030725  1.0133721
p.ind[129,4]    1.0024898  1.0078985
p.ind[130,4]    1.0025888  1.0086403
p.ind[131,4]    1.0215950  1.0513403
p.ind[132,4]    1.0220106  1.0546024
p.ind[133,4]    1.0041853  1.0124966
p.ind[134,4]    1.0060963  1.0236636
p.ind[135,4]    1.0018405  1.0081501
p.ind[136,4]    1.0048187  1.0196157
p.ind[137,4]    1.0045887  1.0181462
p.ind[138,4]    1.0059410  1.0236201
p.ind[139,4]    1.0063454  1.0242692
p.ind[140,4]    1.0062530  1.0240104
p.ind[141,4]    1.0016774  1.0078440
p.ind[142,4]    1.0052876  1.0211273
p.ind[143,4]    1.0050474  1.0203618
p.ind[144,4]    1.0035252  1.0150866
p.ind[145,4]    1.0018843  1.0094480
p.ind[146,4]    1.0026896  1.0094761
p.ind[147,4]    1.0020697  1.0098713

################################################################################
# Geweke Diagnostic
################################################################################

The Geweke diagnostic is a standard z-score, so we'd expect 5% to be outside +/-1.96
Number of variables outside +/-1.96 in each chain (out of 
895
):


       Chain 1 Chain 2 Chain 3
Geweke      29       8      47


And here are the Geweke diagnostics for all variables:

               chain1 chain2 chain3
deviance        0.258  0.690 -0.276
fac1.sig        1.122 -0.346  1.330
fac2.sig       -1.083  1.643 -0.232
ilr.cont1[1]    0.004 -0.895  2.013
ilr.cont1[2]   -0.317  0.370  1.085
ilr.cont1[3]    0.954  1.078  0.218
ilr.fac1[1,1]  -0.557 -0.212 -0.212
ilr.fac1[2,1]  -0.350  1.026 -1.291
ilr.fac1[3,1]   0.223  0.050  0.163
ilr.fac1[4,1]   0.947  0.664 -0.744
ilr.fac1[5,1]   1.863  2.448  0.378
ilr.fac1[1,2]   0.143 -0.555 -0.017
ilr.fac1[2,2]   1.913 -0.018 -0.537
ilr.fac1[3,2]  -0.166 -0.723 -0.284
ilr.fac1[4,2]  -0.286  0.441 -1.827
ilr.fac1[5,2]   1.393  2.398  0.068
ilr.fac1[1,3]  -0.893  0.568 -0.345
ilr.fac1[2,3]   1.866  1.885 -0.721
ilr.fac1[3,3]  -1.039  0.068 -0.226
ilr.fac1[4,3]  -1.139  0.354  1.690
ilr.fac1[5,3]  -1.060  2.753  0.672
ilr.fac2[1,1]  -1.064  0.872  0.146
ilr.fac2[2,1]   0.220  0.799 -0.023
ilr.fac2[3,1]   0.860 -0.134 -0.313
ilr.fac2[4,1]   0.487 -0.556  1.200
ilr.fac2[5,1]   0.609  0.267  2.449
ilr.fac2[6,1]  -0.757 -0.271 -0.949
ilr.fac2[7,1]  -0.236 -0.461 -0.860
ilr.fac2[8,1]   0.471 -1.327  0.015
ilr.fac2[9,1]   0.403 -0.674  1.216
ilr.fac2[10,1]  0.444 -2.802 -0.206
ilr.fac2[11,1]  0.063  0.217  0.556
ilr.fac2[12,1]  0.816  1.017  2.857
ilr.fac2[13,1] -0.285  0.180  0.066
ilr.fac2[14,1] -0.399 -0.068 -0.233
ilr.fac2[15,1] -1.444  0.907  0.734
ilr.fac2[16,1] -0.370 -0.548  0.906
ilr.fac2[1,2]  -0.349  0.030 -1.576
ilr.fac2[2,2]   1.611 -0.595 -0.072
ilr.fac2[3,2]  -0.525  0.125 -1.305
ilr.fac2[4,2]  -2.217 -0.103 -0.709
ilr.fac2[5,2]  -1.077 -0.741  0.328
ilr.fac2[6,2]  -1.473 -0.075 -2.948
ilr.fac2[7,2]  -1.894 -0.758 -1.561
ilr.fac2[8,2]  -1.269  0.054 -3.200
ilr.fac2[9,2]  -0.733 -0.056 -1.902
ilr.fac2[10,2] -2.691 -0.925 -1.007
ilr.fac2[11,2] -2.233 -0.470 -0.716
ilr.fac2[12,2] -1.346 -0.044 -0.392
ilr.fac2[13,2] -0.084 -0.863 -2.350
ilr.fac2[14,2] -0.543 -0.166 -1.558
ilr.fac2[15,2] -0.641  0.700 -0.693
ilr.fac2[16,2]  1.233 -1.256 -0.427
ilr.fac2[1,3]   1.764 -0.911 -0.333
ilr.fac2[2,3]  -1.225 -1.262 -0.007
ilr.fac2[3,3]  -0.206 -0.923  0.450
ilr.fac2[4,3]   0.508 -0.328 -1.813
ilr.fac2[5,3]  -1.453 -0.490  1.148
ilr.fac2[6,3]  -0.136 -0.302 -0.295
ilr.fac2[7,3]   0.227 -0.046  2.011
ilr.fac2[8,3]   1.222 -1.278  0.547
ilr.fac2[9,3]   2.196 -0.643 -1.079
ilr.fac2[10,3]  0.857  0.284  1.713
ilr.fac2[11,3] -0.480  1.193 -0.737
ilr.fac2[12,3] -0.900  0.091  1.144
ilr.fac2[13,3]  0.820 -0.262  1.803
ilr.fac2[14,3]  0.345 -0.060 -1.088
ilr.fac2[15,3]  0.822  0.485 -1.188
ilr.fac2[16,3] -0.499  0.006  0.227
ilr.global[1]  -0.196 -0.434  1.242
ilr.global[2]  -1.051  0.064  1.362
ilr.global[3]   0.425 -0.184  0.701
loglik[1]      -1.242  0.127 -0.138
loglik[2]      -1.133 -0.145  0.379
loglik[3]      -2.430  0.095  0.734
loglik[4]      -2.628  0.131  0.966
loglik[5]      -1.500  0.064  0.175
loglik[6]      -2.407  0.460  0.494
loglik[7]      -2.994  0.369  1.014
loglik[8]      -3.312  0.419  1.431
loglik[9]       1.563 -0.068 -0.963
loglik[10]     -2.393 -0.127 -0.481
loglik[11]      1.148 -0.336 -0.657
loglik[12]      1.461 -0.164  0.128
loglik[13]     -0.561 -0.138  1.082
loglik[14]     -0.504 -1.391 -0.471
loglik[15]      1.112 -0.709  0.178
loglik[16]     -0.516 -0.076 -2.011
loglik[17]      1.260  0.301  1.357
loglik[18]      1.249 -0.681  0.281
loglik[19]      2.079  0.085  0.653
loglik[20]      0.390  1.230 -0.969
loglik[21]     -0.891 -0.834  0.280
loglik[22]     -1.148 -0.397  0.202
loglik[23]     -2.246 -1.917 -1.472
loglik[24]      0.056  0.196 -1.462
loglik[25]     -0.040 -0.276 -1.168
loglik[26]     -3.313 -0.863 -2.131
loglik[27]      0.129  0.563 -1.378
loglik[28]      1.105  0.149 -1.177
loglik[29]     -0.415  0.518  0.108
loglik[30]      2.268  1.643  1.828
loglik[31]     -0.350  0.479  0.913
loglik[32]     -1.355 -1.641  1.169
loglik[33]     -3.439  0.485 -0.222
loglik[34]     -2.642 -0.530 -0.428
loglik[35]     -0.420  0.395  0.815
loglik[36]      0.607  0.116  0.043
loglik[37]      2.102 -0.423  0.966
loglik[38]     -1.327 -0.305 -0.048
loglik[39]     -1.083  0.111 -0.687
loglik[40]     -0.733 -0.893 -0.487
loglik[41]      0.379 -1.071  0.092
loglik[42]      1.650  0.585  1.836
loglik[43]      1.195 -0.043  2.039
loglik[44]      0.709 -1.903 -0.758
loglik[45]      0.295 -2.286 -0.487
loglik[46]      0.199  0.493 -1.756
loglik[47]      0.861 -0.059 -1.342
loglik[48]      2.864 -1.221  1.710
loglik[49]     -0.522  0.520  1.075
loglik[50]      1.128  0.067 -0.046
loglik[51]      0.075  0.625  0.460
loglik[52]     -0.774 -1.098 -0.642
loglik[53]      2.407  0.100 -0.368
loglik[54]      0.117  0.456 -1.700
loglik[55]     -1.176  0.234  0.132
loglik[56]     -0.173  0.893 -0.941
loglik[57]      1.367 -2.171  0.278
loglik[58]      0.831 -1.867  0.610
loglik[59]      0.414  0.124  1.954
loglik[60]      2.114 -1.701  0.322
loglik[61]      0.489  0.353 -1.087
loglik[62]      0.403 -1.286  0.768
loglik[63]     -0.355  0.450  1.226
loglik[64]      3.426  0.490  1.468
loglik[65]      3.182  0.200  0.764
loglik[66]      1.388 -1.592  0.248
loglik[67]      1.735 -0.990  0.666
loglik[68]     -0.209 -1.442 -0.387
loglik[69]     -1.051  0.533 -0.337
loglik[70]     -0.142 -0.503 -0.107
loglik[71]     -0.887  0.729 -0.460
loglik[72]      0.805 -0.721  1.005
loglik[73]      1.218 -0.641  0.039
loglik[74]      0.142  0.041  1.047
loglik[75]     -1.088  0.178  0.569
loglik[76]      0.258 -0.629  0.103
loglik[77]     -0.474 -1.172 -1.177
loglik[78]     -0.613 -0.404 -0.736
loglik[79]      1.506  0.251  0.816
loglik[80]     -2.387  0.748  0.881
loglik[81]      1.281 -0.233 -0.210
loglik[82]      2.821  0.354  0.369
loglik[83]      1.706 -0.505 -0.606
loglik[84]      0.002  0.792  0.065
loglik[85]      2.347 -1.597 -0.636
loglik[86]      0.155  0.948 -0.008
loglik[87]     -0.836  0.121  0.292
loglik[88]     -1.847  1.428 -0.149
loglik[89]      0.649  0.451 -1.485
loglik[90]      0.971  0.208  0.401
loglik[91]     -0.151 -0.316  0.694
loglik[92]      0.372 -0.264 -1.700
loglik[93]      0.956 -0.116  0.373
loglik[94]      1.727 -0.180  0.053
loglik[95]     -1.077  0.294 -0.767
loglik[96]      0.350  1.109  0.757
loglik[97]      0.736  0.191 -0.694
loglik[98]     -1.228 -0.351 -0.613
loglik[99]      0.434  0.320 -0.116
loglik[100]    -0.148  0.085  0.908
loglik[101]    -1.299  0.245  0.529
loglik[102]    -1.680  0.657  0.158
loglik[103]     1.706 -0.396 -0.696
loglik[104]     0.316  0.124  0.692
loglik[105]     2.285 -0.261 -0.809
loglik[106]    -2.135  0.894  0.386
loglik[107]    -0.675  0.639  0.857
loglik[108]     1.870 -1.342 -0.276
loglik[109]    -1.159  0.225 -1.719
loglik[110]     0.077  0.174 -0.441
loglik[111]     0.217 -2.921  0.527
loglik[112]     1.145 -0.164 -1.009
loglik[113]    -0.801 -0.635 -0.874
loglik[114]     2.003  0.598 -1.388
loglik[115]    -0.523 -1.381 -0.558
loglik[116]     1.730  0.995  0.227
loglik[117]     0.520  0.593  0.432
loglik[118]     0.280  0.584  0.456
loglik[119]     0.851  0.140 -1.403
loglik[120]    -1.800 -0.636 -0.970
loglik[121]    -0.480  0.588  1.634
loglik[122]     1.645 -1.274  0.146
loglik[123]     2.245  0.572  1.151
loglik[124]     0.239 -0.707 -1.629
loglik[125]     0.694  1.170  2.192
loglik[126]     1.413  0.425 -1.447
loglik[127]    -0.527 -1.072  0.644
loglik[128]     0.503 -0.266  0.426
loglik[129]    -1.355 -0.004  0.442
loglik[130]    -0.008  0.648  1.978
loglik[131]     0.656  0.533 -0.451
loglik[132]     0.979 -0.417  1.066
loglik[133]     0.654 -0.917 -0.694
loglik[134]    -0.930  0.058  1.960
loglik[135]     0.517 -0.108  0.588
loglik[136]    -1.596 -0.250  0.862
loglik[137]     1.405 -1.284  0.103
loglik[138]     0.584 -1.071  0.213
loglik[139]    -1.829 -0.471  1.602
loglik[140]    -1.676 -0.440  1.553
loglik[141]    -1.732 -1.277 -0.604
loglik[142]    -1.523  0.556 -0.309
loglik[143]    -1.458 -0.269  0.942
loglik[144]     0.438 -0.502  0.565
loglik[145]     0.437  0.625  1.301
loglik[146]    -0.374 -0.144  1.068
loglik[147]    -0.231  0.780  0.591
p.fac1[1,1]    -0.769 -0.232  1.925
p.fac1[2,1]     0.022  0.063  1.379
p.fac1[3,1]    -0.699 -0.295  1.611
p.fac1[4,1]     0.025  0.135  1.069
p.fac1[5,1]     0.496  0.486  2.227
p.fac1[1,2]     0.079  0.307  0.891
p.fac1[2,2]     0.628 -0.033  1.909
p.fac1[3,2]    -0.379  0.269  0.926
p.fac1[4,2]    -1.443  0.257  0.130
p.fac1[5,2]    -0.399  0.753  0.814
p.fac1[1,3]     0.020 -0.063 -1.333
p.fac1[2,3]    -0.535 -0.059 -0.664
p.fac1[3,3]     0.245 -0.118 -1.109
p.fac1[4,3]     0.424 -0.439  0.416
p.fac1[5,3]     0.239 -0.829 -0.707
p.fac1[1,4]     0.053 -0.144 -0.472
p.fac1[2,4]    -0.174  0.051 -0.790
p.fac1[3,4]     0.225 -0.041 -0.632
p.fac1[4,4]     0.137  0.141 -1.372
p.fac1[5,4]    -0.009 -0.250 -1.105
p.fac2[1,1]    -0.879 -0.304  1.178
p.fac2[2,1]     0.436  0.357  1.097
p.fac2[3,1]     0.309  0.237  0.121
p.fac2[4,1]     0.068 -0.352  1.709
p.fac2[5,1]    -0.067 -0.121  1.947
p.fac2[6,1]    -1.238  0.178  0.468
p.fac2[7,1]    -0.245 -0.258  0.502
p.fac2[8,1]    -0.343 -0.908  1.231
p.fac2[9,1]    -0.102 -0.094  1.332
p.fac2[10,1]   -0.229 -1.600  1.015
p.fac2[11,1]   -0.139  0.087  0.564
p.fac2[12,1]   -0.995  0.330  1.927
p.fac2[13,1]   -0.418 -0.114  1.120
p.fac2[14,1]   -1.399 -0.405  1.166
p.fac2[15,1]   -1.556  0.544  1.103
p.fac2[16,1]    0.758  0.008  2.225
p.fac2[1,2]     0.165 -0.174 -0.206
p.fac2[2,2]     0.010 -1.029  0.560
p.fac2[3,2]     0.183  0.077  0.591
p.fac2[4,2]    -0.101  0.073 -0.206
p.fac2[5,2]    -0.049 -0.757  0.395
p.fac2[6,2]     1.277 -0.064  0.211
p.fac2[7,2]     0.136 -0.324  1.664
p.fac2[8,2]     0.056  0.667 -0.103
p.fac2[9,2]     0.778  0.280 -0.559
p.fac2[10,2]    0.069  0.900  1.447
p.fac2[11,2]   -0.040 -0.432  0.639
p.fac2[12,2]   -0.123 -1.468 -1.175
p.fac2[13,2]    0.975 -0.659  0.904
p.fac2[14,2]    0.133  0.063  0.236
p.fac2[15,2]    1.672 -0.189  0.008
p.fac2[16,2]    0.322  0.312 -0.067
p.fac2[1,3]     0.689 -0.600  0.256
p.fac2[2,3]    -0.786  0.332  1.632
p.fac2[3,3]     0.574 -0.474  0.069
p.fac2[4,3]     1.095 -0.187 -0.020
p.fac2[5,3]    -0.084  0.415  0.523
p.fac2[6,3]    -0.034 -0.438  0.641
p.fac2[7,3]     0.277  0.084  0.324
p.fac2[8,3]     0.653 -0.812  1.094
p.fac2[9,3]     0.433 -0.620  0.706
p.fac2[10,3]    0.754 -0.208  0.904
p.fac2[11,3]    1.439  0.821  0.063
p.fac2[12,3]    1.316  0.481  1.832
p.fac2[13,3]   -0.334  0.548  1.784
p.fac2[14,3]   -0.186  0.163 -0.446
p.fac2[15,3]   -0.492 -0.284 -0.696
p.fac2[16,3]   -1.207  0.673  0.021
p.fac2[1,4]    -0.207  0.453 -0.398
p.fac2[2,4]     0.265  0.660 -3.182
p.fac2[3,4]    -0.294  0.348 -0.556
p.fac2[4,4]    -0.237  0.045 -0.056
p.fac2[5,4]     0.055  0.232 -1.311
p.fac2[6,4]    -0.517  0.293 -0.902
p.fac2[7,4]    -0.180  0.164 -1.296
p.fac2[8,4]    -0.216  0.234 -0.900
p.fac2[9,4]    -0.577  0.074 -0.281
p.fac2[10,4]   -0.391 -0.064 -1.677
p.fac2[11,4]   -0.352 -0.207 -1.068
p.fac2[12,4]   -0.149  0.530 -1.398
p.fac2[13,4]   -0.273  0.408 -1.784
p.fac2[14,4]    0.116 -0.023 -0.068
p.fac2[15,4]   -0.637  0.037 -0.394
p.fac2[16,4]    0.097 -0.726 -1.376
p.global[1]    -0.653 -0.168  1.405
p.global[2]    -0.220  0.446  0.758
p.global[3]     0.512 -0.300 -0.909
p.global[4]     0.026  0.070 -0.549
p.ind[1,1]     -0.071 -0.227  1.782
p.ind[2,1]     -0.174 -0.127  1.835
p.ind[3,1]     -0.322  0.003  1.845
p.ind[4,1]     -0.408  0.064  1.838
p.ind[5,1]     -0.747  0.144  1.581
p.ind[6,1]     -0.767  0.142  1.555
p.ind[7,1]     -0.700  0.148  1.641
p.ind[8,1]     -0.953  0.089  1.284
p.ind[9,1]     -0.864  0.120  1.425
p.ind[10,1]    -1.104  0.014  1.017
p.ind[11,1]    -1.024  0.057  1.162
p.ind[12,1]    -1.029  0.055  1.154
p.ind[13,1]    -1.493 -0.020  0.925
p.ind[14,1]    -0.009 -0.157  1.770
p.ind[15,1]    -1.487 -0.539  1.654
p.ind[16,1]    -0.472 -0.955  0.632
p.ind[17,1]     0.740 -0.076  2.270
p.ind[18,1]    -1.530  0.609  1.050
p.ind[19,1]    -0.975  0.479  1.167
p.ind[20,1]    -0.598 -0.375  0.322
p.ind[21,1]    -1.401  0.240  0.245
p.ind[22,1]    -1.354  0.220  0.322
p.ind[23,1]     0.742 -0.162  2.030
p.ind[24,1]    -0.252 -0.263  0.495
p.ind[25,1]    -0.500 -0.312  0.415
p.ind[26,1]     0.738 -0.121  2.297
p.ind[27,1]    -0.129 -0.248  0.620
p.ind[28,1]    -0.108 -0.235  0.641
p.ind[29,1]    -0.115 -0.083  1.302
p.ind[30,1]     0.750 -0.199  2.031
p.ind[31,1]     0.738 -0.103  2.286
p.ind[32,1]    -0.283 -1.642  0.996
p.ind[33,1]     0.750 -0.199  2.031
p.ind[34,1]    -0.975  0.479  1.167
p.ind[35,1]    -1.530  0.609  1.050
p.ind[36,1]    -1.354  0.220  0.322
p.ind[37,1]     0.078 -0.256  1.657
p.ind[38,1]    -1.379  0.230  0.284
p.ind[39,1]    -0.246 -1.613  1.010
p.ind[40,1]     0.069 -0.243  1.667
p.ind[41,1]    -1.557  0.536  1.110
p.ind[42,1]     0.240  0.139  1.174
p.ind[43,1]     0.235  0.122  1.186
p.ind[44,1]    -0.236 -1.606  1.013
p.ind[45,1]     0.743 -0.166  2.031
p.ind[46,1]    -0.225 -0.247  0.523
p.ind[47,1]    -0.049 -0.203  0.700
p.ind[48,1]     0.742 -0.162  2.030
p.ind[49,1]    -0.049 -0.203  0.700
p.ind[50,1]    -1.290  0.196  0.409
p.ind[51,1]     0.051 -0.219  1.687
p.ind[52,1]    -0.274 -1.634  0.999
p.ind[53,1]    -0.361 -1.954  0.918
p.ind[54,1]    -0.234 -0.252  0.514
p.ind[55,1]    -0.118 -0.051  1.262
p.ind[56,1]    -0.159 -0.212  0.590
p.ind[57,1]    -0.309 -1.665  0.983
p.ind[58,1]    -0.255 -1.620  1.007
p.ind[59,1]     0.233  0.138  1.186
p.ind[60,1]    -0.264 -1.627  1.003
p.ind[61,1]    -0.217 -1.592  1.019
p.ind[62,1]     0.156 -0.222  1.469
p.ind[63,1]    -0.465 -0.922  0.760
p.ind[64,1]     0.739 -0.142  2.597
p.ind[65,1]     0.739 -0.142  2.597
p.ind[66,1]    -0.008 -0.158  1.768
p.ind[67,1]     0.030 -0.194  1.713
p.ind[68,1]     0.004 -0.168  1.750
p.ind[69,1]    -1.501  0.586  1.019
p.ind[70,1]    -1.483  0.356 -0.275
p.ind[71,1]    -1.530  0.609  1.050
p.ind[72,1]    -1.423  0.390 -0.481
p.ind[73,1]    -0.975  0.479  1.167
p.ind[74,1]     0.261  0.092  1.192
p.ind[75,1]    -0.914  0.445  1.204
p.ind[76,1]    -0.259 -0.244  1.266
p.ind[77,1]    -0.966  0.473  1.172
p.ind[78,1]    -0.496 -0.064  1.136
p.ind[79,1]    -0.091  0.014  1.297
p.ind[80,1]     0.378  0.328  1.120
p.ind[81,1]    -0.076 -0.222  1.785
p.ind[82,1]     0.045  0.149  0.997
p.ind[83,1]    -0.146 -0.155  1.822
p.ind[84,1]     0.072 -0.246  1.664
p.ind[85,1]    -0.236 -1.606  1.013
p.ind[86,1]    -0.093 -0.102  1.344
p.ind[87,1]     0.256  0.097  1.192
p.ind[88,1]    -0.416 -0.115  1.122
p.ind[89,1]    -0.818 -0.286  1.223
p.ind[90,1]    -0.587  0.112  2.008
p.ind[91,1]    -0.076  0.040  1.243
p.ind[92,1]    -0.863  0.226  1.964
p.ind[93,1]    -1.367  0.225  0.303
p.ind[94,1]    -1.206  0.168  0.501
p.ind[95,1]     0.271  0.086  1.192
p.ind[96,1]     0.357  0.317  1.126
p.ind[97,1]    -1.077  0.126  0.619
p.ind[98,1]    -1.178  0.158  0.529
p.ind[99,1]    -0.158 -0.143  1.828
p.ind[100,1]    0.048 -0.216  1.690
p.ind[101,1]   -0.111 -0.094  1.316
p.ind[102,1]   -0.087 -0.107  1.350
p.ind[103,1]   -0.035 -0.262  1.762
p.ind[104,1]   -0.094  0.029  0.610
p.ind[105,1]   -0.240 -0.066  1.830
p.ind[106,1]   -0.461 -0.087  1.187
p.ind[107,1]   -0.069  0.002  0.626
p.ind[108,1]   -0.443 -0.099  1.088
p.ind[109,1]    0.235  0.130  1.180
p.ind[110,1]   -0.174 -0.220  0.574
p.ind[111,1]   -0.326 -1.961  0.875
p.ind[112,1]   -0.261 -0.268  0.486
p.ind[113,1]   -0.309 -1.665  0.983
p.ind[114,1]   -1.902 -0.580  0.923
p.ind[115,1]    0.032 -0.197  1.710
p.ind[116,1]    0.040 -0.122  0.745
p.ind[117,1]    0.053 -0.222  1.684
p.ind[118,1]   -0.450 -0.885  0.517
p.ind[119,1]   -0.873  0.248  1.956
p.ind[120,1]   -0.564  0.095  2.014
p.ind[121,1]   -0.579  0.106  2.010
p.ind[122,1]   -0.364 -0.148  1.186
p.ind[123,1]   -0.566  0.146  1.995
p.ind[124,1]   -0.425 -0.901  0.408
p.ind[125,1]   -0.336 -0.960 -0.041
p.ind[126,1]   -1.758 -0.454  1.036
p.ind[127,1]   -1.018 -0.350  1.058
p.ind[128,1]   -0.478 -0.256  1.393
p.ind[129,1]   -0.594  0.117  2.006
p.ind[130,1]   -0.591  0.165  1.988
p.ind[131,1]    0.112 -0.069  0.330
p.ind[132,1]    0.132  0.049  0.272
p.ind[133,1]   -0.368 -0.943  0.059
p.ind[134,1]   -0.623  0.071  0.867
p.ind[135,1]   -1.708 -0.442  1.062
p.ind[136,1]   -0.771 -0.275  1.250
p.ind[137,1]   -0.381 -0.137  1.165
p.ind[138,1]   -0.592  0.120  0.547
p.ind[139,1]   -0.918 -0.314  1.151
p.ind[140,1]   -0.910 -0.312  1.157
p.ind[141,1]   -1.758 -0.454  1.036
p.ind[142,1]   -0.827 -0.288  1.218
p.ind[143,1]   -0.799 -0.282  1.234
p.ind[144,1]   -0.570 -0.284  1.351
p.ind[145,1]   -0.045 -0.024  0.650
p.ind[146,1]   -1.470 -0.410  1.147
p.ind[147,1]   -0.136  0.085  0.566
p.ind[1,2]     -0.013 -0.017 -0.110
p.ind[2,2]      0.048 -0.111 -0.041
p.ind[3,2]      0.129 -0.314  0.044
p.ind[4,2]      0.169 -0.411  0.085
p.ind[5,2]      0.240 -0.665  0.215
p.ind[6,2]      0.241 -0.675  0.222
p.ind[7,2]      0.234 -0.638  0.198
p.ind[8,2]      0.251 -0.665  0.287
p.ind[9,2]      0.248 -0.643  0.256
p.ind[10,2]     0.252 -0.692  0.342
p.ind[11,2]     0.252 -0.680  0.312
p.ind[12,2]     0.252 -0.680  0.314
p.ind[13,2]     0.251 -0.699  0.363
p.ind[14,2]    -0.234 -0.552  0.252
p.ind[15,2]     0.293 -0.878  0.336
p.ind[16,2]     0.109  0.040  0.054
p.ind[17,2]     0.393  0.752 -0.106
p.ind[18,2]     1.653 -0.335  0.006
p.ind[19,2]     1.695 -0.025 -0.003
p.ind[20,2]     0.205 -0.613  1.717
p.ind[21,2]     0.917 -0.217  0.394
p.ind[22,2]     0.946 -0.171  0.332
p.ind[23,2]     0.384  1.129 -0.193
p.ind[24,2]     0.139 -0.334  1.667
p.ind[25,2]     0.170 -0.523  1.708
p.ind[26,2]     0.387  0.958 -0.146
p.ind[27,2]     0.092 -0.139  1.597
p.ind[28,2]     0.084 -0.099  1.578
p.ind[29,2]     0.774  0.208 -0.528
p.ind[30,2]     0.382  1.264 -0.243
p.ind[31,2]     0.389  0.879 -0.127
p.ind[32,2]     0.088  0.813  1.449
p.ind[33,2]     0.382  1.264 -0.243
p.ind[34,2]     1.695 -0.025 -0.003
p.ind[35,2]     1.653 -0.335  0.006
p.ind[36,2]     0.946 -0.171  0.332
p.ind[37,2]    -0.361 -0.242  0.012
p.ind[38,2]     0.931 -0.194  0.363
p.ind[39,2]     0.075  0.873  1.449
p.ind[40,2]    -0.342 -0.278  0.036
p.ind[41,2]     1.674 -0.170  0.008
p.ind[42,2]    -0.185 -0.381  0.120
p.ind[43,2]    -0.451 -0.023 -0.160
p.ind[44,2]     0.072  0.888  1.448
p.ind[45,2]     0.384  1.144 -0.198
p.ind[46,2]     0.129 -0.295  1.656
p.ind[47,2]     0.062  0.020  1.515
p.ind[48,2]     0.384  1.129 -0.193
p.ind[49,2]     0.062  0.020  1.515
p.ind[50,2]     1.270 -0.110  0.254
p.ind[51,2]    -0.305 -0.344  0.087
p.ind[52,2]     0.085  0.828  1.449
p.ind[53,2]     0.126  0.533  1.410
p.ind[54,2]     0.132 -0.308  1.660
p.ind[55,2]     0.769  0.128 -0.497
p.ind[56,2]     0.103 -0.191  1.619
p.ind[57,2]     0.097  0.670  1.446
p.ind[58,2]     0.078  0.858  1.449
p.ind[59,2]    -0.273 -0.181 -0.040
p.ind[60,2]     0.082  0.843  1.449
p.ind[61,2]     0.065  0.918  1.446
p.ind[62,2]     0.864  0.874 -0.787
p.ind[63,2]     0.097  0.142  0.043
p.ind[64,2]     0.386  1.048 -0.169
p.ind[65,2]     0.386  1.048 -0.169
p.ind[66,2]    -0.237 -0.548  0.249
p.ind[67,2]    -0.263 -0.420  0.146
p.ind[68,2]    -0.266 -0.509  0.217
p.ind[69,2]     1.339 -0.427  0.002
p.ind[70,2]     0.682 -0.433  0.717
p.ind[71,2]     1.653 -0.335  0.006
p.ind[72,2]     0.654 -0.496  0.824
p.ind[73,2]     1.695 -0.025 -0.003
p.ind[74,2]    -0.522  0.330 -0.350
p.ind[75,2]     1.709  0.069 -0.016
p.ind[76,2]     1.646 -0.555  0.805
p.ind[77,2]     1.697 -0.012 -0.005
p.ind[78,2]     0.913 -0.725  0.923
p.ind[79,2]     0.763  0.001 -0.453
p.ind[80,2]    -0.008 -0.919  0.514
p.ind[81,2]    -0.010 -0.021 -0.106
p.ind[82,2]     0.564 -0.223 -0.445
p.ind[83,2]     0.031 -0.075 -0.059
p.ind[84,2]    -0.347 -0.269  0.030
p.ind[85,2]     0.072  0.888  1.448
p.ind[86,2]     0.780  0.313 -0.574
p.ind[87,2]    -0.515  0.290 -0.329
p.ind[88,2]     0.976 -0.657  0.903
p.ind[89,2]     0.117 -0.122 -0.278
p.ind[90,2]    -0.483 -1.000 -1.325
p.ind[91,2]     0.762 -0.042 -0.440
p.ind[92,2]    -0.313 -1.284 -1.178
p.ind[93,2]     0.938 -0.182  0.348
p.ind[94,2]     1.280 -0.037  0.173
p.ind[95,2]    -0.531  0.387 -0.378
p.ind[96,2]    -0.018 -0.877  0.492
p.ind[97,2]     1.455  0.073  0.025
p.ind[98,2]     1.283 -0.013  0.140
p.ind[99,2]     0.038 -0.096 -0.051
p.ind[100,2]   -0.300 -0.352  0.093
p.ind[101,2]    0.776  0.240 -0.542
p.ind[102,2]    0.781  0.333 -0.583
p.ind[103,2]   -0.034  0.010 -0.136
p.ind[104,2]   -0.078 -0.353  0.634
p.ind[105,2]    0.085 -0.171 -0.001
p.ind[106,2]    0.940 -0.696  0.917
p.ind[107,2]   -0.100 -0.308  0.627
p.ind[108,2]    0.954 -0.681  0.912
p.ind[109,2]   -0.222 -0.293  0.048
p.ind[110,2]    0.109 -0.217  1.630
p.ind[111,2]    0.138  0.469  1.381
p.ind[112,2]    0.143 -0.347  1.670
p.ind[113,2]    0.097  0.670  1.446
p.ind[114,2]    0.505 -0.230  0.507
p.ind[115,2]   -0.268 -0.412  0.139
p.ind[116,2]   -0.238 -0.097  0.552
p.ind[117,2]   -0.310 -0.335  0.080
p.ind[118,2]    0.118 -0.029  0.061
p.ind[119,2]   -0.322 -1.327 -1.150
p.ind[120,2]   -0.688 -0.954 -1.511
p.ind[121,2]   -0.498 -0.985 -1.497
p.ind[122,2]    1.770 -0.601  0.876
p.ind[123,2]   -0.436 -1.092 -1.281
p.ind[124,2]    0.126 -0.089  0.064
p.ind[125,2]    0.195 -0.260  0.078
p.ind[126,2]    0.297 -0.142  0.425
p.ind[127,2]    0.217 -0.403 -0.043
p.ind[128,2]   -0.084  0.056 -0.591
p.ind[129,2]   -0.468 -1.015 -1.318
p.ind[130,2]   -0.404 -1.147 -1.256
p.ind[131,2]    0.301  0.648  0.274
p.ind[132,2]    0.260  0.440  0.395
p.ind[133,2]    0.189 -0.252  0.077
p.ind[134,2]    0.805 -0.847  0.884
p.ind[135,2]    0.270 -0.113  0.399
p.ind[136,2]    0.089 -0.093 -0.322
p.ind[137,2]    1.789 -0.625  0.886
p.ind[138,2]    0.764 -0.891  0.837
p.ind[139,2]    0.194 -0.280 -0.165
p.ind[140,2]    0.188 -0.272 -0.174
p.ind[141,2]    0.297 -0.142  0.425
p.ind[142,2]    0.123 -0.128 -0.269
p.ind[143,2]    0.106 -0.110 -0.296
p.ind[144,2]   -0.018  0.014 -0.509
p.ind[145,2]   -0.122 -0.264  0.618
p.ind[146,2]    0.162  0.021  0.275
p.ind[147,2]   -0.042 -0.428  0.639
p.ind[1,3]      1.040 -0.071 -0.077
p.ind[2,3]      1.014 -0.005 -0.115
p.ind[3,3]      0.998  0.031 -0.160
p.ind[4,3]      0.999  0.031 -0.177
p.ind[5,3]      0.881 -0.037 -0.248
p.ind[6,3]      0.882 -0.041 -0.245
p.ind[7,3]      0.879 -0.025 -0.203
p.ind[8,3]      0.893 -0.083 -0.195
p.ind[9,3]      0.887 -0.064 -0.222
p.ind[10,3]     0.903 -0.113 -0.132
p.ind[11,3]     0.897 -0.098 -0.168
p.ind[12,3]     0.898 -0.099 -0.166
p.ind[13,3]     0.906 -0.123 -0.105
p.ind[14,3]     0.275  0.476  0.733
p.ind[15,3]    -0.118 -0.548 -0.141
p.ind[16,3]     0.487 -0.601  1.959
p.ind[17,3]    -1.027  0.414  0.244
p.ind[18,3]    -0.115 -0.214 -0.813
p.ind[19,3]    -0.868 -0.389 -0.548
p.ind[20,3]     0.280  0.085  0.898
p.ind[21,3]     0.220 -0.384  0.804
p.ind[22,3]     0.137 -0.398  0.740
p.ind[23,3]    -0.803 -0.073  0.553
p.ind[24,3]     0.277  0.085  0.470
p.ind[25,3]     0.273  0.090  0.677
p.ind[26,3]    -0.979  0.173  0.457
p.ind[27,3]     0.301  0.042  0.131
p.ind[28,3]     0.307  0.027  0.087
p.ind[29,3]     0.457 -0.510  0.699
p.ind[30,3]    -0.619 -0.330  0.615
p.ind[31,3]    -0.999  0.273  0.406
p.ind[32,3]     0.745 -0.100  1.069
p.ind[33,3]    -0.619 -0.330  0.615
p.ind[34,3]    -0.868 -0.389 -0.548
p.ind[35,3]    -0.115 -0.214 -0.813
p.ind[36,3]     0.137 -0.398  0.740
p.ind[37,3]     0.664  0.229  0.834
p.ind[38,3]     0.178 -0.391  0.770
p.ind[39,3]     0.750 -0.174  0.954
p.ind[40,3]     0.631  0.265  0.832
p.ind[41,3]    -0.540 -0.296 -0.680
p.ind[42,3]    -0.171  0.093  1.221
p.ind[43,3]     0.108 -0.238  1.160
p.ind[44,3]     0.752 -0.193  0.926
p.ind[45,3]    -0.796 -0.096  0.561
p.ind[46,3]     0.280  0.081  0.283
p.ind[47,3]     0.328 -0.032 -0.020
p.ind[48,3]    -0.803 -0.073  0.553
p.ind[49,3]     0.328 -0.032 -0.020
p.ind[50,3]     0.040 -0.420  0.677
p.ind[51,3]     0.558  0.333  0.787
p.ind[52,3]     0.746 -0.118  1.040
p.ind[53,3]     0.861  0.147  1.566
p.ind[54,3]     0.279  0.082  0.301
p.ind[55,3]     0.548 -0.426  0.693
p.ind[56,3]     0.293  0.058  0.197
p.ind[57,3]     0.744 -0.047  1.157
p.ind[58,3]     0.749 -0.155  0.982
p.ind[59,3]    -0.007 -0.101  1.195
p.ind[60,3]     0.747 -0.136  1.011
p.ind[61,3]     0.757 -0.232  0.871
p.ind[62,3]     0.462 -1.192  0.718
p.ind[63,3]     0.600 -0.615  1.743
p.ind[64,3]    -0.952  0.048  0.510
p.ind[65,3]    -0.952  0.048  0.510
p.ind[66,3]     0.281  0.475  0.735
p.ind[67,3]     0.465  0.399  0.764
p.ind[68,3]     0.340  0.458  0.727
p.ind[69,3]     0.107 -0.194 -0.870
p.ind[70,3]     0.630 -0.399  1.275
p.ind[71,3]    -0.115 -0.214 -0.813
p.ind[72,3]     0.715 -0.438  1.444
p.ind[73,3]    -0.868 -0.389 -0.548
p.ind[74,3]     0.290 -0.498  1.066
p.ind[75,3]    -1.035 -0.459 -0.461
p.ind[76,3]    -0.376  0.419  1.192
p.ind[77,3]    -0.895 -0.400 -0.535
p.ind[78,3]    -0.296  0.525  1.965
p.ind[79,3]     0.572 -0.337  0.606
p.ind[80,3]    -0.704  0.385  1.532
p.ind[81,3]     1.039 -0.067 -0.079
p.ind[82,3]     0.469 -0.332  0.670
p.ind[83,3]     1.020 -0.021 -0.105
p.ind[84,3]     0.640  0.257  0.832
p.ind[85,3]     0.752 -0.193  0.926
p.ind[86,3]     0.421 -0.665  0.711
p.ind[87,3]     0.270 -0.472  1.083
p.ind[88,3]    -0.335  0.547  1.779
p.ind[89,3]     0.711 -0.644  0.325
p.ind[90,3]     1.277  0.670  1.609
p.ind[91,3]     0.579 -0.321  0.602
p.ind[92,3]     1.324  0.563  2.144
p.ind[93,3]     0.157 -0.394  0.755
p.ind[94,3]    -0.083 -0.449  0.624
p.ind[95,3]     0.319 -0.533  1.039
p.ind[96,3]    -0.665  0.392  1.495
p.ind[97,3]    -0.232 -0.488  0.576
p.ind[98,3]    -0.122 -0.459  0.611
p.ind[99,3]     1.017 -0.014 -0.109
p.ind[100,3]    0.548  0.341  0.784
p.ind[101,3]    0.446 -0.550  0.702
p.ind[102,3]    0.415 -0.767  0.713
p.ind[103,3]    1.060 -0.100 -0.062
p.ind[104,3]    1.451  0.801  0.030
p.ind[105,3]    1.004  0.018 -0.136
p.ind[106,3]   -0.315  0.550  1.871
p.ind[107,3]    1.446  0.781  0.014
p.ind[108,3]   -0.324  0.551  1.823
p.ind[109,3]   -0.096  0.004  1.211
p.ind[110,3]    0.289  0.065  0.234
p.ind[111,3]    0.856  0.263  1.621
p.ind[112,3]    0.276  0.087  0.495
p.ind[113,3]    0.744 -0.047  1.157
p.ind[114,3]   -0.028  0.165 -0.397
p.ind[115,3]    0.476  0.392  0.767
p.ind[116,3]    1.459  0.612 -0.031
p.ind[117,3]    0.567  0.325  0.788
p.ind[118,3]    0.460 -0.607  2.102
p.ind[119,3]    1.326  0.550  2.084
p.ind[120,3]    1.266  0.644  1.609
p.ind[121,3]    1.274  0.662  1.609
p.ind[122,3]   -0.353  0.524  1.637
p.ind[123,3]    1.298  0.705  1.610
p.ind[124,3]    0.438 -0.607  2.214
p.ind[125,3]    0.528 -0.640  2.546
p.ind[126,3]   -0.134  0.150 -0.445
p.ind[127,3]    0.712 -0.617  0.153
p.ind[128,3]    1.053 -0.808  0.619
p.ind[129,3]    1.281  0.678  1.610
p.ind[130,3]    1.306  0.719  1.610
p.ind[131,3]    0.532 -0.646 -0.033
p.ind[132,3]    0.565 -0.539 -0.027
p.ind[133,3]    0.379 -0.634  2.551
p.ind[134,3]   -0.144  0.298  2.639
p.ind[135,3]   -0.155  0.149 -0.411
p.ind[136,3]    0.732 -0.675  0.371
p.ind[137,3]   -0.348  0.534  1.683
p.ind[138,3]   -0.018  0.084  2.335
p.ind[139,3]    0.684 -0.581  0.222
p.ind[140,3]    0.684 -0.585  0.228
p.ind[141,3]   -0.134  0.150 -0.445
p.ind[142,3]    0.708 -0.638  0.316
p.ind[143,3]    0.721 -0.656  0.343
p.ind[144,3]    0.916 -0.780  0.562
p.ind[145,3]    1.451  0.772  0.002
p.ind[146,3]   -0.183  0.188 -0.440
p.ind[147,3]    1.439  0.820  0.061
p.ind[1,4]     -0.268  0.107 -0.189
p.ind[2,4]     -0.312  0.171 -0.291
p.ind[3,4]     -0.365  0.281 -0.455
p.ind[4,4]     -0.390  0.348 -0.519
p.ind[5,4]     -0.342  0.465 -0.585
p.ind[6,4]     -0.342  0.474 -0.588
p.ind[7,4]     -0.340  0.443 -0.575
p.ind[8,4]     -0.415  0.550 -0.684
p.ind[9,4]     -0.477  0.514 -0.602
p.ind[10,4]    -0.409  0.608 -0.685
p.ind[11,4]    -0.413  0.577 -0.682
p.ind[12,4]    -0.413  0.579 -0.682
p.ind[13,4]    -0.404  0.630 -0.677
p.ind[14,4]     0.039  0.133 -0.997
p.ind[15,4]     1.101  1.044 -1.192
p.ind[16,4]    -0.221  0.704 -1.563
p.ind[17,4]     0.093 -0.900 -1.330
p.ind[18,4]    -0.631  0.064 -0.422
p.ind[19,4]    -0.765  0.023 -0.333
p.ind[20,4]    -0.193  0.290 -1.515
p.ind[21,4]    -0.509  0.374 -1.151
p.ind[22,4]    -0.511  0.348 -1.068
p.ind[23,4]     0.083 -0.868 -1.028
p.ind[24,4]    -0.180  0.169 -1.305
p.ind[25,4]    -0.185  0.226 -1.402
p.ind[26,4]     0.089 -0.956 -1.164
p.ind[27,4]    -0.180  0.080 -1.292
p.ind[28,4]    -0.182  0.064 -1.261
p.ind[29,4]    -0.572  0.090 -0.329
p.ind[30,4]     0.076 -0.918 -0.915
p.ind[31,4]     0.090 -0.935 -1.226
p.ind[32,4]    -0.391 -0.025 -1.755
p.ind[33,4]     0.076 -0.918 -0.915
p.ind[34,4]    -0.765  0.023 -0.333
p.ind[35,4]    -0.631  0.064 -0.422
p.ind[36,4]    -0.511  0.348 -1.068
p.ind[37,4]    -0.016  0.080 -0.812
p.ind[38,4]    -0.510  0.361 -1.109
p.ind[39,4]    -0.391 -0.053 -1.701
p.ind[40,4]    -0.010  0.083 -0.838
p.ind[41,4]    -0.638  0.035 -0.386
p.ind[42,4]     0.221  0.254 -1.833
p.ind[43,4]     0.175  0.211 -1.418
p.ind[44,4]    -0.391 -0.059 -1.687
p.ind[45,4]     0.082 -0.874 -1.016
p.ind[46,4]    -0.179  0.150 -1.272
p.ind[47,4]    -0.188  0.021 -1.175
p.ind[48,4]     0.083 -0.868 -1.028
p.ind[49,4]    -0.188  0.021 -1.175
p.ind[50,4]    -0.514  0.316 -0.971
p.ind[51,4]     0.004  0.092 -0.894
p.ind[52,4]    -0.391 -0.032 -1.741
p.ind[53,4]    -0.401  0.090 -2.359
p.ind[54,4]    -0.179  0.156 -1.283
p.ind[55,4]    -0.568  0.112 -0.383
p.ind[56,4]    -0.179  0.102 -1.336
p.ind[57,4]    -0.392 -0.003 -1.797
p.ind[58,4]    -0.391 -0.046 -1.714
p.ind[59,4]     0.196  0.230 -1.585
p.ind[60,4]    -0.391 -0.039 -1.728
p.ind[61,4]    -0.391 -0.072 -1.661
p.ind[62,4]    -0.672  0.031 -0.008
p.ind[63,4]    -0.221  0.602 -1.289
p.ind[64,4]     0.086 -0.980 -1.092
p.ind[65,4]     0.086 -0.980 -1.092
p.ind[66,4]     0.039  0.132 -0.993
p.ind[67,4]     0.018  0.104 -0.963
p.ind[68,4]     0.033  0.122 -1.056
p.ind[69,4]    -0.629  0.087 -0.432
p.ind[70,4]    -0.513  0.524 -1.723
p.ind[71,4]    -0.631  0.064 -0.422
p.ind[72,4]    -0.523  0.555 -1.812
p.ind[73,4]    -0.765  0.023 -0.333
p.ind[74,4]     0.126  0.164 -1.132
p.ind[75,4]    -0.777  0.022 -0.302
p.ind[76,4]    -0.293  0.334 -1.561
p.ind[77,4]    -0.767  0.022 -0.328
p.ind[78,4]    -0.271  0.451 -1.931
p.ind[79,4]    -0.565  0.186 -0.469
p.ind[80,4]     0.252  0.375 -2.758
p.ind[81,4]    -0.271  0.109 -0.194
p.ind[82,4]    -0.564  0.294 -0.629
p.ind[83,4]    -0.301  0.152 -0.263
p.ind[84,4]    -0.011  0.082 -0.831
p.ind[85,4]    -0.391 -0.059 -1.687
p.ind[86,4]    -0.580  0.067 -0.283
p.ind[87,4]     0.133  0.171 -1.168
p.ind[88,4]    -0.273  0.407 -1.781
p.ind[89,4]    -0.198  0.397 -0.318
p.ind[90,4]    -0.129  0.305 -1.005
p.ind[91,4]    -0.566  0.204 -0.496
p.ind[92,4]    -0.138  0.365 -1.208
p.ind[93,4]    -0.511  0.354 -1.088
p.ind[94,4]    -0.519  0.279 -0.862
p.ind[95,4]     0.147  0.151 -1.078
p.ind[96,4]     0.247  0.358 -2.635
p.ind[97,4]    -0.528  0.225 -0.714
p.ind[98,4]    -0.521  0.267 -0.828
p.ind[99,4]    -0.306  0.160 -0.275
p.ind[100,4]    0.005  0.093 -0.902
p.ind[101,4]   -0.574  0.083 -0.307
p.ind[102,4]   -0.581  0.063 -0.269
p.ind[103,4]   -0.252  0.087 -0.152
p.ind[104,4]   -0.346 -0.225 -1.015
p.ind[105,4]   -0.337  0.218 -0.384
p.ind[106,4]   -0.271  0.431 -1.860
p.ind[107,4]   -0.342 -0.235 -0.984
p.ind[108,4]   -0.272  0.421 -1.827
p.ind[109,4]    0.210  0.243 -1.716
p.ind[110,4]   -0.179  0.114 -1.360
p.ind[111,4]   -0.409  0.140 -2.403
p.ind[112,4]   -0.180  0.176 -1.316
p.ind[113,4]   -0.392 -0.003 -1.797
p.ind[114,4]    0.080  0.183 -0.368
p.ind[115,4]    0.016  0.103 -0.955
p.ind[116,4]   -0.334 -0.283 -0.835
p.ind[117,4]    0.002  0.091 -0.887
p.ind[118,4]   -0.221  0.778 -1.634
p.ind[119,4]   -0.140  0.378 -1.248
p.ind[120,4]   -0.129  0.297 -0.977
p.ind[121,4]   -0.129  0.302 -0.996
p.ind[122,4]   -0.278  0.381 -1.700
p.ind[123,4]   -0.131  0.322 -1.067
p.ind[124,4]   -0.220  0.845 -1.687
p.ind[125,4]   -0.200  1.041 -1.809
p.ind[126,4]    0.099  0.100 -0.259
p.ind[127,4]   -0.235  0.825 -0.825
p.ind[128,4]   -0.147  0.295 -0.060
p.ind[129,4]   -0.130  0.308 -1.015
p.ind[130,4]   -0.133  0.332 -1.100
p.ind[131,4]   -0.467 -0.086 -0.334
p.ind[132,4]   -0.333  0.028 -0.441
p.ind[133,4]   -0.201  0.991 -1.745
p.ind[134,4]   -0.293  0.528 -2.320
p.ind[135,4]    0.101  0.079 -0.227
p.ind[136,4]   -0.193  0.369 -0.274
p.ind[137,4]   -0.276  0.390 -1.725
p.ind[138,4]   -0.324  0.601 -2.576
p.ind[139,4]   -0.213  0.494 -0.448
p.ind[140,4]   -0.212  0.485 -0.437
p.ind[141,4]    0.099  0.100 -0.259
p.ind[142,4]   -0.199  0.403 -0.327
p.ind[143,4]   -0.196  0.385 -0.300
p.ind[144,4]   -0.151  0.324 -0.118
p.ind[145,4]   -0.340 -0.245 -0.953
p.ind[146,4]    0.112 -0.002 -0.101
p.ind[147,4]   -0.352 -0.208 -1.065
