
################################################################################
# Gelman-Rubin Diagnostic
################################################################################

Generally the Gelman diagnostic should be < 1.05


Out of 634 variables: 181 > 1.01

                      
4 > 1.05

                      
0 > 1.1


The worst variables are:

              Point est. Upper C.I.
ilr.global[2]   1.067444   1.197394
ilr.cont1[2]    1.066565   1.105203
ilr.cont1[1]    1.066331   1.114559
ilr.global[1]   1.057449   1.164281
p.ind[28,4]     1.034665   1.088181
p.ind[30,4]     1.033986   1.086111
p.ind[29,4]     1.033822   1.085614
p.ind[34,4]     1.031949   1.080000
p.ind[77,4]     1.031594   1.084740
p.ind[33,4]     1.031067   1.077395


And here are the Gelman diagnostics for all variables:

               Point est. Upper C.I.
deviance        1.0006299  1.0033601
fac1.sig        1.0021823  1.0082254
ilr.cont1[1]    1.0663313  1.1145587
ilr.cont1[2]    1.0665653  1.1052031
ilr.cont1[3]    1.0124649  1.0451725
ilr.fac1[1,1]   0.9999943  1.0016914
ilr.fac1[2,1]   1.0029120  1.0079355
ilr.fac1[3,1]   1.0007822  1.0054955
ilr.fac1[4,1]   1.0073250  1.0260429
ilr.fac1[5,1]   1.0058065  1.0235582
ilr.fac1[6,1]   0.9994153  0.9997510
ilr.fac1[7,1]   1.0021310  1.0039069
ilr.fac1[8,1]   0.9997635  1.0002183
ilr.fac1[9,1]   1.0016877  1.0077068
ilr.fac1[10,1]  1.0035769  1.0151517
ilr.fac1[11,1]  1.0027524  1.0046527
ilr.fac1[1,2]   1.0054234  1.0220539
ilr.fac1[2,2]   1.0006972  1.0041576
ilr.fac1[3,2]   1.0017893  1.0042930
ilr.fac1[4,2]   1.0051757  1.0214216
ilr.fac1[5,2]   1.0130909  1.0456626
ilr.fac1[6,2]   1.0016975  1.0076299
ilr.fac1[7,2]   1.0028183  1.0035295
ilr.fac1[8,2]   1.0041530  1.0150008
ilr.fac1[9,2]   0.9994964  0.9997251
ilr.fac1[10,2]  1.0002436  1.0007574
ilr.fac1[11,2]  1.0037597  1.0115285
ilr.fac1[1,3]   1.0003881  1.0010296
ilr.fac1[2,3]   0.9998011  1.0013282
ilr.fac1[3,3]   1.0081780  1.0283080
ilr.fac1[4,3]   0.9992751  0.9995384
ilr.fac1[5,3]   1.0065542  1.0120559
ilr.fac1[6,3]   0.9999106  1.0010099
ilr.fac1[7,3]   1.0024541  1.0030592
ilr.fac1[8,3]   0.9999556  1.0005600
ilr.fac1[9,3]   1.0053693  1.0188941
ilr.fac1[10,3]  0.9994893  1.0008007
ilr.fac1[11,3]  1.0007420  1.0053294
ilr.global[1]   1.0574492  1.1642810
ilr.global[2]   1.0674439  1.1973940
ilr.global[3]   1.0168517  1.0572272
loglik[1]       1.0000282  1.0014845
loglik[2]       1.0007417  1.0017888
loglik[3]       0.9999575  1.0005806
loglik[4]       1.0017431  1.0056011
loglik[5]       1.0011319  1.0042296
loglik[6]       1.0052928  1.0128446
loglik[7]       1.0024562  1.0106179
loglik[8]       1.0011782  1.0069537
loglik[9]       1.0006524  1.0049267
loglik[10]      1.0006494  1.0018185
loglik[11]      0.9997332  1.0006368
loglik[12]      1.0024255  1.0105060
loglik[13]      1.0003176  1.0023717
loglik[14]      1.0005632  1.0044398
loglik[15]      1.0041776  1.0147974
loglik[16]      0.9998565  1.0015610
loglik[17]      1.0017524  1.0077572
loglik[18]      1.0001739  1.0011438
loglik[19]      1.0001698  1.0011974
loglik[20]      0.9996786  1.0005945
loglik[21]      0.9997192  1.0009488
loglik[22]      1.0009771  1.0041613
loglik[23]      0.9991660  0.9995389
loglik[24]      1.0008790  1.0025442
loglik[25]      0.9996523  1.0006790
loglik[26]      1.0003621  1.0020287
loglik[27]      1.0000087  1.0026088
loglik[28]      1.0072619  1.0226820
loglik[29]      1.0035315  1.0136443
loglik[30]      1.0026074  1.0120541
loglik[31]      1.0051863  1.0211312
loglik[32]      1.0015361  1.0079137
loglik[33]      1.0012064  1.0015287
loglik[34]      1.0049268  1.0203017
loglik[35]      1.0056147  1.0203466
loglik[36]      1.0007824  1.0037038
loglik[37]      1.0066034  1.0258588
loglik[38]      0.9997797  1.0018035
loglik[39]      1.0012835  1.0028303
loglik[40]      1.0062614  1.0118169
loglik[41]      0.9997457  1.0015468
loglik[42]      1.0001492  1.0022430
loglik[43]      1.0024110  1.0101560
loglik[44]      1.0022679  1.0069266
loglik[45]      1.0002598  1.0006255
loglik[46]      0.9997841  1.0004327
loglik[47]      0.9997164  1.0002177
loglik[48]      1.0004876  1.0007934
loglik[49]      0.9993709  1.0000082
loglik[50]      1.0006843  1.0051411
loglik[51]      1.0010292  1.0050492
loglik[52]      1.0039172  1.0156096
loglik[53]      1.0056644  1.0192691
loglik[54]      1.0004884  1.0019023
loglik[55]      1.0059361  1.0196377
loglik[56]      0.9996922  1.0003985
loglik[57]      1.0005762  1.0046987
loglik[58]      1.0012963  1.0068772
loglik[59]      1.0004169  1.0017836
loglik[60]      1.0004477  1.0028385
loglik[61]      1.0024203  1.0080596
loglik[62]      1.0000744  1.0017797
loglik[63]      1.0034442  1.0126257
loglik[64]      0.9993886  0.9995431
loglik[65]      1.0037263  1.0111254
loglik[66]      0.9996740  1.0011682
loglik[67]      1.0006541  1.0041489
loglik[68]      0.9999358  1.0016926
loglik[69]      1.0008831  1.0028368
loglik[70]      1.0012895  1.0030905
loglik[71]      1.0004864  1.0030091
loglik[72]      0.9992662  0.9998604
loglik[73]      1.0034443  1.0136170
loglik[74]      1.0005098  1.0032457
loglik[75]      1.0009642  1.0032097
loglik[76]      1.0010068  1.0050745
loglik[77]      1.0010792  1.0039335
loglik[78]      1.0016437  1.0051479
loglik[79]      1.0006904  1.0028542
loglik[80]      1.0012819  1.0047331
loglik[81]      1.0029072  1.0094501
loglik[82]      1.0004329  1.0039644
loglik[83]      1.0003662  1.0018279
loglik[84]      1.0008710  1.0032614
loglik[85]      1.0002201  1.0023251
loglik[86]      0.9993271  0.9997616
loglik[87]      1.0018786  1.0072832
loglik[88]      1.0035824  1.0093159
loglik[89]      1.0047691  1.0184825
loglik[90]      1.0010858  1.0059547
loglik[91]      0.9999028  1.0016751
loglik[92]      1.0006981  1.0046911
loglik[93]      1.0044179  1.0078059
loglik[94]      1.0059098  1.0149718
loglik[95]      1.0038448  1.0123619
loglik[96]      1.0008177  1.0052684
loglik[97]      1.0031235  1.0106576
loglik[98]      0.9996616  1.0001068
loglik[99]      1.0002756  1.0012417
loglik[100]     1.0025255  1.0084663
loglik[101]     1.0043134  1.0156454
loglik[102]     1.0044484  1.0073203
loglik[103]     1.0015691  1.0041901
loglik[104]     1.0014528  1.0062403
loglik[105]     1.0022206  1.0088348
loglik[106]     1.0003967  1.0020862
loglik[107]     1.0003138  1.0028820
loglik[108]     1.0003840  1.0026088
loglik[109]     1.0035519  1.0141862
p.fac1[1,1]     1.0012972  1.0069299
p.fac1[2,1]     1.0039881  1.0125578
p.fac1[3,1]     1.0016842  1.0086700
p.fac1[4,1]     1.0051951  1.0185524
p.fac1[5,1]     0.9996001  1.0005349
p.fac1[6,1]     1.0013738  1.0065457
p.fac1[7,1]     0.9994023  1.0002108
p.fac1[8,1]     1.0014882  1.0075547
p.fac1[9,1]     1.0023275  1.0106460
p.fac1[10,1]    1.0045012  1.0184463
p.fac1[11,1]    1.0030217  1.0130944
p.fac1[1,2]     1.0154552  1.0549267
p.fac1[2,2]     1.0270198  1.0897117
p.fac1[3,2]     1.0202900  1.0719543
p.fac1[4,2]     1.0238010  1.0835325
p.fac1[5,2]     1.0062090  1.0250343
p.fac1[6,2]     1.0131808  1.0493554
p.fac1[7,2]     1.0097705  1.0355192
p.fac1[8,2]     1.0117102  1.0437385
p.fac1[9,2]     1.0223596  1.0784322
p.fac1[10,2]    1.0268263  1.0906110
p.fac1[11,2]    1.0146648  1.0514302
p.fac1[1,3]     0.9999218  1.0018586
p.fac1[2,3]     1.0044046  1.0139500
p.fac1[3,3]     1.0020625  1.0085399
p.fac1[4,3]     1.0039758  1.0159144
p.fac1[5,3]     1.0009793  1.0049327
p.fac1[6,3]     0.9992193  0.9997545
p.fac1[7,3]     1.0039573  1.0138058
p.fac1[8,3]     1.0010792  1.0030914
p.fac1[9,3]     1.0013692  1.0063741
p.fac1[10,3]    1.0044545  1.0161825
p.fac1[11,3]    1.0025828  1.0057205
p.fac1[1,4]     1.0155899  1.0404596
p.fac1[2,4]     1.0129735  1.0342103
p.fac1[3,4]     1.0247795  1.0678176
p.fac1[4,4]     1.0160757  1.0383513
p.fac1[5,4]     1.0070947  1.0234282
p.fac1[6,4]     1.0096821  1.0291315
p.fac1[7,4]     1.0086095  1.0278603
p.fac1[8,4]     1.0122359  1.0322399
p.fac1[9,4]     1.0217081  1.0595660
p.fac1[10,4]    1.0085319  1.0247199
p.fac1[11,4]    1.0121133  1.0335964
p.global[1]     1.0027371  1.0048708
p.global[2]     1.0229437  1.0820724
p.global[3]     1.0080296  1.0270411
p.global[4]     1.0217972  1.0546593
p.ind[1,1]      1.0004312  1.0036506
p.ind[2,1]      1.0001308  1.0023500
p.ind[3,1]      1.0010534  1.0062553
p.ind[4,1]      1.0016799  1.0086539
p.ind[5,1]      1.0010994  1.0064379
p.ind[6,1]      1.0009997  1.0060409
p.ind[7,1]      1.0025632  1.0118412
p.ind[8,1]      1.0043542  1.0181205
p.ind[9,1]      1.0029042  1.0130435
p.ind[10,1]     1.0038291  1.0162813
p.ind[11,1]     1.0045892  1.0189462
p.ind[12,1]     1.0035590  1.0153366
p.ind[13,1]     1.0053900  1.0217700
p.ind[14,1]     1.0058642  1.0234478
p.ind[15,1]     1.0066343  1.0261708
p.ind[16,1]     1.0057032  1.0228779
p.ind[17,1]     1.0075336  1.0293324
p.ind[18,1]     1.0003079  1.0031119
p.ind[19,1]     1.0010821  1.0063695
p.ind[20,1]     1.0011561  1.0066612
p.ind[21,1]     1.0007752  1.0051226
p.ind[22,1]     0.9995673  1.0003274
p.ind[23,1]     1.0044614  1.0151842
p.ind[24,1]     1.0016719  1.0055684
p.ind[25,1]     1.0042915  1.0177960
p.ind[26,1]     1.0045464  1.0186947
p.ind[27,1]     1.0048676  1.0198206
p.ind[28,1]     1.0111126  1.0423458
p.ind[29,1]     1.0106390  1.0407110
p.ind[30,1]     1.0107336  1.0410386
p.ind[31,1]     1.0083514  1.0326076
p.ind[32,1]     1.0086491  1.0336851
p.ind[33,1]     1.0089786  1.0348678
p.ind[34,1]     1.0095143  1.0367733
p.ind[35,1]     1.0079373  1.0310942
p.ind[36,1]     1.0066672  1.0263046
p.ind[37,1]     1.0056545  1.0227059
p.ind[38,1]     1.0018840  1.0094045
p.ind[39,1]     1.0035055  1.0149869
p.ind[40,1]     1.0000005  1.0026779
p.ind[41,1]     1.0018840  1.0094045
p.ind[42,1]     1.0054782  1.0220820
p.ind[43,1]     0.9991987  0.9993495
p.ind[44,1]     0.9993631  0.9994012
p.ind[45,1]     1.0021782  1.0102442
p.ind[46,1]     1.0020146  1.0096679
p.ind[47,1]     1.0016915  1.0084794
p.ind[48,1]     1.0017023  1.0085210
p.ind[49,1]     0.9995279  0.9999928
p.ind[50,1]     1.0007375  1.0049111
p.ind[51,1]     1.0005614  1.0023760
p.ind[52,1]     0.9996919  1.0013512
p.ind[53,1]     0.9998430  1.0018463
p.ind[54,1]     0.9996798  1.0012168
p.ind[55,1]     0.9991916  0.9993579
p.ind[56,1]     0.9994743  0.9994914
p.ind[57,1]     0.9995762  1.0003790
p.ind[58,1]     0.9991728  0.9994550
p.ind[59,1]     1.0029262  1.0108101
p.ind[60,1]     0.9995135  1.0003039
p.ind[61,1]     0.9994630  0.9995817
p.ind[62,1]     1.0023599  1.0099774
p.ind[63,1]     0.9999064  1.0023293
p.ind[64,1]     1.0053901  1.0205511
p.ind[65,1]     0.9996399  1.0007700
p.ind[66,1]     1.0027827  1.0123445
p.ind[67,1]     1.0033948  1.0145862
p.ind[68,1]     1.0018406  1.0087959
p.ind[69,1]     1.0027418  1.0101299
p.ind[70,1]     0.9994979  0.9996245
p.ind[71,1]     0.9994699  0.9995076
p.ind[72,1]     1.0024721  1.0112567
p.ind[73,1]     0.9991728  0.9994550
p.ind[74,1]     1.0003630  1.0031652
p.ind[75,1]     1.0010949  1.0059070
p.ind[76,1]     1.0009348  1.0059935
p.ind[77,1]     1.0054596  1.0218802
p.ind[78,1]     0.9995848  1.0010757
p.ind[79,1]     1.0018064  1.0084254
p.ind[80,1]     1.0018386  1.0085142
p.ind[81,1]     0.9993714  1.0000009
p.ind[82,1]     1.0003117  1.0018677
p.ind[83,1]     1.0021408  1.0067721
p.ind[84,1]     1.0009513  1.0061155
p.ind[85,1]     1.0009091  1.0059608
p.ind[86,1]     1.0002954  1.0018393
p.ind[87,1]     1.0013992  1.0073134
p.ind[88,1]     0.9994975  1.0006844
p.ind[89,1]     0.9993991  1.0001918
p.ind[90,1]     0.9993627  0.9998621
p.ind[91,1]     1.0005339  1.0037742
p.ind[92,1]     0.9991812  0.9995506
p.ind[93,1]     1.0040665  1.0166245
p.ind[94,1]     0.9996360  1.0012763
p.ind[95,1]     1.0004118  1.0033358
p.ind[96,1]     1.0025465  1.0077194
p.ind[97,1]     1.0034038  1.0124568
p.ind[98,1]     1.0022231  1.0104005
p.ind[99,1]     1.0014698  1.0075047
p.ind[100,1]    1.0036762  1.0156023
p.ind[101,1]    0.9994070  1.0004193
p.ind[102,1]    1.0038932  1.0126516
p.ind[103,1]    1.0013744  1.0048500
p.ind[104,1]    1.0002924  1.0018345
p.ind[105,1]    1.0012347  1.0068714
p.ind[106,1]    1.0004617  1.0035090
p.ind[107,1]    1.0027276  1.0100148
p.ind[108,1]    0.9999226  1.0016445
p.ind[109,1]    1.0020331  1.0048022
p.ind[1,2]      1.0179590  1.0623804
p.ind[2,2]      1.0167272  1.0565286
p.ind[3,2]      1.0193907  1.0686468
p.ind[4,2]      1.0202847  1.0719361
p.ind[5,2]      1.0194680  1.0689502
p.ind[6,2]      1.0192974  1.0682753
p.ind[7,2]      1.0212006  1.0749277
p.ind[8,2]      1.0223682  1.0786276
p.ind[9,2]      1.0214871  1.0758229
p.ind[10,2]     1.0221112  1.0777791
p.ind[11,2]     1.0224601  1.0789493
p.ind[12,2]     1.0219514  1.0772713
p.ind[13,2]     1.0226640  1.0797764
p.ind[14,2]     1.0227070  1.0800706
p.ind[15,2]     1.0226662  1.0802507
p.ind[16,2]     1.0226986  1.0799868
p.ind[17,2]     1.0224808  1.0800425
p.ind[18,2]     1.0175227  1.0603100
p.ind[19,2]     1.0194393  1.0688379
p.ind[20,2]     1.0195600  1.0693062
p.ind[21,2]     1.0188600  1.0664581
p.ind[22,2]     1.0116979  1.0363629
p.ind[23,2]     1.0225206  1.0772740
p.ind[24,2]     1.0131537  1.0368116
p.ind[25,2]     1.0237397  1.0849099
p.ind[26,2]     1.0238832  1.0854714
p.ind[27,2]     1.0240535  1.0861167
p.ind[28,2]     1.0223491  1.0778843
p.ind[29,2]     1.0212794  1.0739600
p.ind[30,2]     1.0214849  1.0747170
p.ind[31,2]     1.0169970  1.0576657
p.ind[32,2]     1.0175029  1.0596541
p.ind[33,2]     1.0180763  1.0618833
p.ind[34,2]     1.0190449  1.0655967
p.ind[35,2]     1.0163105  1.0549316
p.ind[36,2]     1.0142988  1.0466174
p.ind[37,2]     1.0226949  1.0799583
p.ind[38,2]     1.0205231  1.0727426
p.ind[39,2]     1.0232462  1.0828442
p.ind[40,2]     1.0107759  1.0391642
p.ind[41,2]     1.0205231  1.0727426
p.ind[42,2]     1.0226763  1.0798420
p.ind[43,2]     1.0003269  1.0034958
p.ind[44,2]     1.0014143  1.0025344
p.ind[45,2]     1.0131577  1.0473524
p.ind[46,2]     1.0126667  1.0458011
p.ind[47,2]     1.0110429  1.0402645
p.ind[48,2]     1.0111262  1.0405589
p.ind[49,2]     1.0057684  1.0234168
p.ind[50,2]     1.0145730  1.0511400
p.ind[51,2]     1.0176380  1.0446393
p.ind[52,2]     1.0107131  1.0356298
p.ind[53,2]     1.0116713  1.0392048
p.ind[54,2]     1.0003621  1.0014550
p.ind[55,2]     1.0004333  1.0039298
p.ind[56,2]     1.0038069  1.0144188
p.ind[57,2]     1.0061014  1.0246965
p.ind[58,2]     1.0015622  1.0075048
p.ind[59,2]     1.0053393  1.0152416
p.ind[60,2]     1.0003377  1.0029559
p.ind[61,2]     1.0027313  1.0105520
p.ind[62,2]     1.0124998  1.0446227
p.ind[63,2]     1.0107432  1.0389341
p.ind[64,2]     1.0164087  1.0551138
p.ind[65,2]     1.0063543  1.0254401
p.ind[66,2]     1.0227254  1.0803810
p.ind[67,2]     1.0231706  1.0825067
p.ind[68,2]     1.0219098  1.0757984
p.ind[69,2]     1.0173759  1.0497846
p.ind[70,2]     1.0051563  1.0204246
p.ind[71,2]     1.0034780  1.0131733
p.ind[72,2]     1.0138143  1.0492800
p.ind[73,2]     1.0015622  1.0075048
p.ind[74,2]     1.0181643  1.0562794
p.ind[75,2]     1.0208793  1.0695444
p.ind[76,2]     1.0106887  1.0388843
p.ind[77,2]     1.0243436  1.0871615
p.ind[78,2]     1.0048157  1.0104071
p.ind[79,2]     1.0120158  1.0441030
p.ind[80,2]     1.0120457  1.0441351
p.ind[81,2]     1.0094212  1.0344785
p.ind[82,2]     1.0114675  1.0281464
p.ind[83,2]     1.0152918  1.0440849
p.ind[84,2]     1.0110349  1.0417819
p.ind[85,2]     1.0107679  1.0397890
p.ind[86,2]     1.0105011  1.0257760
p.ind[87,2]     1.0116206  1.0436053
p.ind[88,2]     1.0102214  1.0368976
p.ind[89,2]     1.0097447  1.0354422
p.ind[90,2]     1.0090373  1.0333204
p.ind[91,2]     1.0191454  1.0605833
p.ind[92,2]     1.0025195  1.0102362
p.ind[93,2]     1.0265742  1.0888350
p.ind[94,2]     1.0105184  1.0379084
p.ind[95,2]     1.0184809  1.0576232
p.ind[96,2]     1.0265468  1.0830416
p.ind[97,2]     1.0029849  1.0068910
p.ind[98,2]     1.0132733  1.0477054
p.ind[99,2]     1.0116919  1.0437127
p.ind[100,2]    1.0233600  1.0833406
p.ind[101,2]    1.0078892  1.0260349
p.ind[102,2]    1.0212330  1.0704214
p.ind[103,2]    1.0116653  1.0321588
p.ind[104,2]    1.0102647  1.0252019
p.ind[105,2]    1.0114457  1.0432744
p.ind[106,2]    1.0124070  1.0443262
p.ind[107,2]    1.0133873  1.0375155
p.ind[108,2]    1.0023942  1.0073503
p.ind[109,2]    1.0183204  1.0289861
p.ind[1,3]      1.0030544  1.0121414
p.ind[2,3]      1.0035066  1.0137744
p.ind[3,3]      1.0024306  1.0098855
p.ind[4,3]      1.0020645  1.0085473
p.ind[5,3]      1.0023973  1.0097645
p.ind[6,3]      1.0024711  1.0100326
p.ind[7,3]      1.0017377  1.0073255
p.ind[8,3]      1.0013176  1.0057122
p.ind[9,3]      1.0016419  1.0069604
p.ind[10,3]     1.0014253  1.0061253
p.ind[11,3]     1.0012710  1.0055358
p.ind[12,3]     1.0014839  1.0063518
p.ind[13,3]     1.0011141  1.0049601
p.ind[14,3]     1.0010198  1.0046318
p.ind[15,3]     1.0008622  1.0041152
p.ind[16,3]     1.0010520  1.0047424
p.ind[17,3]     1.0006741  1.0035480
p.ind[18,3]     1.0032281  1.0127684
p.ind[19,3]     1.0024096  1.0098093
p.ind[20,3]     1.0023580  1.0096215
p.ind[21,3]     1.0026641  1.0107313
p.ind[22,3]     1.0044751  1.0172629
p.ind[23,3]     1.0045371  1.0181591
p.ind[24,3]     1.0057656  1.0233848
p.ind[25,3]     1.0006744  1.0041805
p.ind[26,3]     1.0006119  1.0039876
p.ind[27,3]     1.0005375  1.0037619
p.ind[28,3]     1.0005986  1.0037159
p.ind[29,3]     1.0005659  1.0034974
p.ind[30,3]     1.0005732  1.0035437
p.ind[31,3]     1.0003081  1.0022154
p.ind[32,3]     1.0003489  1.0023862
p.ind[33,3]     1.0003918  1.0025772
p.ind[34,3]     1.0004560  1.0028871
p.ind[35,3]     1.0002485  1.0019840
p.ind[36,3]     1.0000530  1.0013765
p.ind[37,3]     1.0010617  1.0047760
p.ind[38,3]     1.0019751  1.0082164
p.ind[39,3]     1.0008945  1.0048732
p.ind[40,3]     1.0023885  1.0085553
p.ind[41,3]     1.0019751  1.0082164
p.ind[42,3]     1.0010967  1.0048984
p.ind[43,3]     1.0087202  1.0283075
p.ind[44,3]     1.0090457  1.0296686
p.ind[45,3]     1.0034784  1.0100738
p.ind[46,3]     1.0038564  1.0116363
p.ind[47,3]     1.0051961  1.0166597
p.ind[48,3]     1.0051255  1.0164117
p.ind[49,3]     1.0021993  1.0091745
p.ind[50,3]     1.0006871  1.0040971
p.ind[51,3]     1.0101672  1.0352632
p.ind[52,3]     1.0039547  1.0136111
p.ind[53,3]     1.0032581  1.0115558
p.ind[54,3]     1.0121497  1.0373713
p.ind[55,3]     1.0086605  1.0281043
p.ind[56,3]     1.0069780  1.0243427
p.ind[57,3]     1.0012330  1.0058336
p.ind[58,3]     1.0081978  1.0265899
p.ind[59,3]     1.0126691  1.0445095
p.ind[60,3]     1.0109683  1.0348139
p.ind[61,3]     1.0083746  1.0282762
p.ind[62,3]     1.0005508  1.0011765
p.ind[63,3]     1.0025233  1.0089900
p.ind[64,3]     1.0018838  1.0024554
p.ind[65,3]     1.0006855  1.0038695
p.ind[66,3]     1.0011565  1.0057032
p.ind[67,3]     1.0009300  1.0049859
p.ind[68,3]     1.0016564  1.0072787
p.ind[69,3]     1.0111100  1.0387418
p.ind[70,3]     1.0041646  1.0156870
p.ind[71,3]     1.0074501  1.0257019
p.ind[72,3]     1.0030197  1.0080350
p.ind[73,3]     1.0081978  1.0265899
p.ind[74,3]     1.0031683  1.0121335
p.ind[75,3]     1.0022690  1.0092227
p.ind[76,3]     1.0031132  1.0103275
p.ind[77,3]     1.0004109  1.0033901
p.ind[78,3]     1.0017377  1.0086343
p.ind[79,3]     1.0008075  1.0021219
p.ind[80,3]     1.0007867  1.0020465
p.ind[81,3]     1.0043105  1.0150118
p.ind[82,3]     1.0110859  1.0382039
p.ind[83,3]     1.0057333  1.0232026
p.ind[84,3]     1.0022166  1.0070959
p.ind[85,3]     1.0028774  1.0094726
p.ind[86,3]     1.0112025  1.0385399
p.ind[87,3]     1.0011845  1.0034618
p.ind[88,3]     1.0034493  1.0120803
p.ind[89,3]     1.0039843  1.0138977
p.ind[90,3]     1.0046733  1.0162594
p.ind[91,3]     1.0029239  1.0113358
p.ind[92,3]     1.0078491  1.0254825
p.ind[93,3]     1.0052010  1.0186414
p.ind[94,3]     1.0030328  1.0106753
p.ind[95,3]     1.0030958  1.0118962
p.ind[96,3]     1.0061069  1.0204044
p.ind[97,3]     1.0127579  1.0448411
p.ind[98,3]     1.0033929  1.0097081
p.ind[99,3]     1.0010996  1.0031635
p.ind[100,3]    1.0008423  1.0047078
p.ind[101,3]    1.0056154  1.0185923
p.ind[102,3]    1.0050174  1.0201100
p.ind[103,3]    1.0057654  1.0234152
p.ind[104,3]    1.0112303  1.0386181
p.ind[105,3]    1.0014307  1.0043244
p.ind[106,3]    0.9996645  1.0014002
p.ind[107,3]    1.0118045  1.0412868
p.ind[108,3]    1.0055186  1.0225949
p.ind[109,3]    1.0093686  1.0315518
p.ind[1,4]      1.0176487  1.0496702
p.ind[2,4]      1.0136997  1.0394489
p.ind[3,4]      1.0224114  1.0618011
p.ind[4,4]      1.0247675  1.0677872
p.ind[5,4]      1.0226404  1.0623822
p.ind[6,4]      1.0221290  1.0610846
p.ind[7,4]      1.0265207  1.0722788
p.ind[8,4]      1.0280131  1.0761972
p.ind[9,4]      1.0269518  1.0733953
p.ind[10,4]     1.0277388  1.0754607
p.ind[11,4]     1.0281054  1.0764494
p.ind[12,4]     1.0275549  1.0749735
p.ind[13,4]     1.0283008  1.0770048
p.ind[14,4]     1.0283392  1.0771356
p.ind[15,4]     1.0282886  1.0770578
p.ind[16,4]     1.0283322  1.0771068
p.ind[17,4]     1.0280528  1.0765110
p.ind[18,4]     1.0161761  1.0458819
p.ind[19,4]     1.0225559  1.0621676
p.ind[20,4]     1.0229071  1.0630589
p.ind[21,4]     1.0207314  1.0575358
p.ind[22,4]     1.0045125  1.0146663
p.ind[23,4]     1.0101190  1.0251017
p.ind[24,4]     0.9993602  0.9998789
p.ind[25,4]     1.0288634  1.0778096
p.ind[26,4]     1.0295246  1.0794900
p.ind[27,4]     1.0303019  1.0814638
p.ind[28,4]     1.0346653  1.0881806
p.ind[29,4]     1.0338222  1.0856137
p.ind[30,4]     1.0339862  1.0861107
p.ind[31,4]     1.0300108  1.0743098
p.ind[32,4]     1.0305169  1.0757832
p.ind[33,4]     1.0310670  1.0773949
p.ind[34,4]     1.0319493  1.0800001
p.ind[35,4]     1.0292873  1.0722193
p.ind[36,4]     1.0268234  1.0652561
p.ind[37,4]     1.0283289  1.0770950
p.ind[38,4]     1.0252847  1.0691066
p.ind[39,4]     1.0265164  1.0718390
p.ind[40,4]     1.0167841  1.0478596
p.ind[41,4]     1.0252847  1.0691066
p.ind[42,4]     1.0283121  1.0770398
p.ind[43,4]     1.0022294  1.0068809
p.ind[44,4]     1.0036195  1.0118122
p.ind[45,4]     1.0057251  1.0182510
p.ind[46,4]     1.0044510  1.0150863
p.ind[47,4]     1.0024397  1.0095660
p.ind[48,4]     1.0024789  1.0097061
p.ind[49,4]     1.0034312  1.0136971
p.ind[50,4]     1.0126163  1.0328495
p.ind[51,4]     1.0011109  1.0039940
p.ind[52,4]     1.0054693  1.0140245
p.ind[53,4]     1.0065964  1.0170254
p.ind[54,4]     1.0088115  1.0216986
p.ind[55,4]     1.0021586  1.0065990
p.ind[56,4]     1.0014713  1.0045289
p.ind[57,4]     1.0060957  1.0208736
p.ind[58,4]     1.0019036  1.0054163
p.ind[59,4]     1.0052327  1.0168340
p.ind[60,4]     1.0061762  1.0149814
p.ind[61,4]     1.0026038  1.0065553
p.ind[62,4]     1.0189435  1.0478147
p.ind[63,4]     1.0161206  1.0462771
p.ind[64,4]     1.0233505  1.0600535
p.ind[65,4]     1.0084963  1.0269361
p.ind[66,4]     1.0238039  1.0649249
p.ind[67,4]     1.0261409  1.0708830
p.ind[68,4]     1.0190100  1.0526339
p.ind[69,4]     1.0007668  1.0037516
p.ind[70,4]     1.0011155  1.0061479
p.ind[71,4]     1.0017953  1.0050249
p.ind[72,4]     1.0080555  1.0239043
p.ind[73,4]     1.0019036  1.0054163
p.ind[74,4]     1.0064379  1.0195485
p.ind[75,4]     1.0136180  1.0386166
p.ind[76,4]     1.0013894  1.0060961
p.ind[77,4]     1.0315942  1.0847404
p.ind[78,4]     1.0015625  1.0047927
p.ind[79,4]     1.0151396  1.0389851
p.ind[80,4]     1.0153982  1.0395850
p.ind[81,4]     1.0068977  1.0234605
p.ind[82,4]     1.0014470  1.0048790
p.ind[83,4]     0.9995985  1.0004504
p.ind[84,4]     1.0046454  1.0142798
p.ind[85,4]     1.0020628  1.0078455
p.ind[86,4]     1.0016053  1.0053211
p.ind[87,4]     1.0112855  1.0300255
p.ind[88,4]     1.0112428  1.0344416
p.ind[89,4]     1.0084746  1.0275179
p.ind[90,4]     1.0052815  1.0191685
p.ind[91,4]     1.0082917  1.0245124
p.ind[92,4]     1.0018973  1.0051572
p.ind[93,4]     1.0063279  1.0192733
p.ind[94,4]     1.0134702  1.0398921
p.ind[95,4]     1.0069788  1.0209993
p.ind[96,4]     1.0071088  1.0200519
p.ind[97,4]     1.0091739  1.0284395
p.ind[98,4]     1.0060815  1.0191238
p.ind[99,4]     1.0120452  1.0317960
p.ind[100,4]    1.0270715  1.0732520
p.ind[101,4]    1.0033564  1.0084489
p.ind[102,4]    1.0055557  1.0147836
p.ind[103,4]    0.9993597  0.9999403
p.ind[104,4]    1.0016493  1.0054441
p.ind[105,4]    1.0093185  1.0254225
p.ind[106,4]    1.0046103  1.0153208
p.ind[107,4]    1.0018039  1.0066148
p.ind[108,4]    1.0013517  1.0062885
p.ind[109,4]    1.0126779  1.0359728

################################################################################
# Geweke Diagnostic
################################################################################

The Geweke diagnostic is a standard z-score, so we'd expect 5% to be outside +/-1.96
Number of variables outside +/-1.96 in each chain (out of 
634
):


       Chain 1 Chain 2 Chain 3
Geweke      23      83       6


And here are the Geweke diagnostics for all variables:

               chain1 chain2 chain3
deviance        0.910  0.387  1.400
fac1.sig        0.212 -0.760  2.320
ilr.cont1[1]    0.301 -1.141  0.575
ilr.cont1[2]   -0.444  1.015 -0.371
ilr.cont1[3]    0.627  0.765 -1.086
ilr.fac1[1,1]  -0.870  0.500 -0.305
ilr.fac1[2,1]   3.100 -0.657 -0.805
ilr.fac1[3,1]   0.320  1.545 -1.017
ilr.fac1[4,1]   0.820  0.865  0.296
ilr.fac1[5,1]  -1.123  0.038 -0.033
ilr.fac1[6,1]   0.713  0.491 -0.481
ilr.fac1[7,1]  -0.158 -0.811 -0.163
ilr.fac1[8,1]   0.211 -0.074 -1.144
ilr.fac1[9,1]   1.607 -0.330 -0.188
ilr.fac1[10,1]  1.296 -0.297  0.761
ilr.fac1[11,1]  0.385 -0.396 -1.162
ilr.fac1[1,2]   0.758  0.234 -0.920
ilr.fac1[2,2]  -1.593  1.094  0.001
ilr.fac1[3,2]   2.426 -1.318  1.746
ilr.fac1[4,2]   0.184 -0.938 -0.705
ilr.fac1[5,2]   1.524  0.907 -0.866
ilr.fac1[6,2]   1.171 -0.240 -0.357
ilr.fac1[7,2]   2.844 -0.648  0.840
ilr.fac1[8,2]   1.893  0.143  1.068
ilr.fac1[9,2]   0.461  0.128  0.326
ilr.fac1[10,2] -0.212  1.187 -1.960
ilr.fac1[11,2]  1.238  1.663 -0.417
ilr.fac1[1,3]   0.156  0.229  0.217
ilr.fac1[2,3]  -0.308 -0.716  0.547
ilr.fac1[3,3]  -0.182 -0.710  2.587
ilr.fac1[4,3]   0.164  0.787 -0.430
ilr.fac1[5,3]  -1.007 -0.211 -0.244
ilr.fac1[6,3]   0.396 -0.468  0.629
ilr.fac1[7,3]  -1.937  0.819  0.872
ilr.fac1[8,3]  -0.353 -0.847 -1.881
ilr.fac1[9,3]   0.349  0.457  0.612
ilr.fac1[10,3] -0.640  0.571  0.289
ilr.fac1[11,3] -0.570  1.275 -0.282
ilr.global[1]  -1.393  1.724 -0.394
ilr.global[2]   0.347 -1.982  0.723
ilr.global[3]  -0.451 -0.753  0.374
loglik[1]       2.995 -1.923  0.641
loglik[2]       0.909 -0.706 -0.425
loglik[3]       2.619 -1.675  0.077
loglik[4]       1.839 -1.913  0.544
loglik[5]       1.953 -1.258  1.747
loglik[6]      -2.373  1.968  0.657
loglik[7]       0.384 -2.130 -0.003
loglik[8]       0.379 -2.056  0.324
loglik[9]      -1.597 -0.439 -0.746
loglik[10]     -2.112  1.141  0.447
loglik[11]     -1.621  0.445  0.795
loglik[12]      1.186 -2.322  0.159
loglik[13]      1.546 -1.069 -0.156
loglik[14]     -1.245 -0.666  0.386
loglik[15]     -1.054 -1.216  0.069
loglik[16]     -1.043  0.214  1.253
loglik[17]      0.170  0.965 -0.705
loglik[18]      2.875 -1.615  0.116
loglik[19]      2.748 -1.755  0.386
loglik[20]      2.905 -1.420  0.244
loglik[21]      2.822 -1.497  0.562
loglik[22]      2.725 -2.430  1.294
loglik[23]     -0.868  1.631  0.217
loglik[24]      0.464  0.956  0.485
loglik[25]      1.068 -0.563 -0.641
loglik[26]      1.222  0.009 -0.597
loglik[27]      0.299 -0.023 -0.509
loglik[28]     -0.220  0.448 -1.930
loglik[29]     -0.840  0.723 -1.648
loglik[30]      0.131 -0.524 -1.735
loglik[31]      0.132  0.283 -1.797
loglik[32]     -1.325  0.111 -1.736
loglik[33]     -1.678  0.601 -1.294
loglik[34]     -0.118 -0.006 -2.141
loglik[35]     -0.346  0.908 -2.249
loglik[36]     -1.334 -0.396 -1.686
loglik[37]     -0.104 -1.709  0.290
loglik[38]     -1.839  0.921 -1.560
loglik[39]     -0.879  0.076 -0.953
loglik[40]      1.615 -2.003 -0.053
loglik[41]     -1.961  0.916 -1.447
loglik[42]     -0.412  0.088  0.614
loglik[43]     -3.395  1.473 -1.111
loglik[44]     -2.529  0.582 -0.973
loglik[45]     -1.331 -0.081 -1.572
loglik[46]     -0.513  0.228 -1.610
loglik[47]      0.033 -0.902  0.216
loglik[48]      0.021  0.181 -1.066
loglik[49]     -2.250  1.757 -0.237
loglik[50]      0.775  1.634  0.394
loglik[51]      0.801  1.638 -1.003
loglik[52]      1.660  1.324  0.900
loglik[53]      2.517  0.575  0.696
loglik[54]      1.020 -0.905  1.435
loglik[55]      2.018 -0.371  0.600
loglik[56]      0.391 -0.157 -0.093
loglik[57]      2.146 -0.580  1.154
loglik[58]     -1.669  0.110 -0.807
loglik[59]     -0.174 -1.453  1.294
loglik[60]     -1.482  1.199 -1.672
loglik[61]      1.482 -0.359  0.933
loglik[62]     -0.339 -0.513  0.660
loglik[63]     -0.822  3.441 -0.153
loglik[64]      0.050  0.492 -0.280
loglik[65]     -1.480  0.463 -0.403
loglik[66]     -0.161 -1.241 -0.729
loglik[67]      0.377 -0.713  1.317
loglik[68]     -0.610  0.150 -1.354
loglik[69]      0.133 -0.673  0.410
loglik[70]     -2.814  1.645 -1.158
loglik[71]     -2.628  1.374 -1.554
loglik[72]     -0.421  0.602 -1.304
loglik[73]     -1.861  0.154 -0.913
loglik[74]     -0.413  0.836 -1.494
loglik[75]      1.377 -1.696  0.053
loglik[76]     -0.096  1.097  1.536
loglik[77]      0.687 -0.547 -0.092
loglik[78]      1.183 -0.853 -0.091
loglik[79]     -0.146 -0.609  0.943
loglik[80]      0.291 -1.286  0.755
loglik[81]      0.254 -2.651  1.365
loglik[82]     -1.435 -0.319  1.687
loglik[83]     -0.110 -0.590  0.195
loglik[84]     -0.291  1.183 -0.099
loglik[85]     -0.105  0.964  0.959
loglik[86]     -0.693 -1.400  1.487
loglik[87]     -0.666  2.310  0.468
loglik[88]      0.918 -2.616  0.778
loglik[89]     -0.195  1.302  0.921
loglik[90]     -0.346  3.057 -2.142
loglik[91]     -0.374  0.537 -1.407
loglik[92]     -1.516 -0.089 -0.996
loglik[93]     -1.189 -1.101 -0.350
loglik[94]      0.666 -2.320  0.544
loglik[95]      1.346 -2.709  1.075
loglik[96]      1.089  1.543 -0.150
loglik[97]     -1.606 -0.320  0.274
loglik[98]     -0.464 -0.386  0.666
loglik[99]     -0.523  0.941 -0.644
loglik[100]    -1.321  0.597 -0.056
loglik[101]    -1.628 -0.588 -0.529
loglik[102]     0.734  1.462 -0.886
loglik[103]     0.631  0.836  0.769
loglik[104]     1.405  1.005 -0.945
loglik[105]    -0.958  3.548 -0.013
loglik[106]    -0.493 -0.300  0.246
loglik[107]    -0.408  0.273 -0.593
loglik[108]     0.067  0.051  0.051
loglik[109]    -1.777  0.079  1.985
p.fac1[1,1]    -2.203  1.385  0.162
p.fac1[2,1]    -0.259  0.396  0.208
p.fac1[3,1]    -0.744  1.687  0.697
p.fac1[4,1]    -1.262  1.854  0.574
p.fac1[5,1]    -1.945  1.590  0.250
p.fac1[6,1]    -0.365  1.556  0.143
p.fac1[7,1]    -1.707  0.405  1.610
p.fac1[8,1]    -0.841  1.140  0.524
p.fac1[9,1]    -0.625  1.176  0.707
p.fac1[10,1]   -0.802  1.061  0.402
p.fac1[11,1]   -0.799  0.986 -0.144
p.fac1[1,2]     0.762 -2.370  0.447
p.fac1[2,2]    -0.861 -2.691  0.676
p.fac1[3,2]     0.456 -2.645  0.739
p.fac1[4,2]     0.475 -2.440  0.212
p.fac1[5,2]     0.900 -2.034  0.299
p.fac1[6,2]     0.599 -2.005  0.424
p.fac1[7,2]     0.880 -1.514  0.300
p.fac1[8,2]     0.418 -1.951  0.360
p.fac1[9,2]     0.300 -1.986  0.423
p.fac1[10,2]    0.257 -1.941  0.144
p.fac1[11,2]    0.567 -1.522  0.600
p.fac1[1,3]    -0.127  1.383  0.595
p.fac1[2,3]     1.239  1.073 -0.489
p.fac1[3,3]    -0.684  1.079 -0.653
p.fac1[4,3]     0.041  1.727 -0.011
p.fac1[5,3]    -0.714  0.925  0.299
p.fac1[6,3]    -0.353  0.600  0.073
p.fac1[7,3]    -1.305  1.521 -1.084
p.fac1[8,3]    -0.657  0.872 -0.960
p.fac1[9,3]    -0.221  0.619 -0.642
p.fac1[10,3]   -0.346  0.311  0.711
p.fac1[11,3]   -0.812  0.592  0.019
p.fac1[1,4]     0.197  0.337 -0.761
p.fac1[2,4]     0.228  0.837 -0.425
p.fac1[3,4]     0.414  0.660 -1.118
p.fac1[4,4]     0.162  0.484 -0.632
p.fac1[5,4]     0.728  0.631 -1.210
p.fac1[6,4]     0.150  0.796 -0.808
p.fac1[7,4]     0.963  0.360 -1.232
p.fac1[8,4]     0.391  0.978 -0.568
p.fac1[9,4]     0.306  0.927 -0.790
p.fac1[10,4]    0.389  0.741 -1.039
p.fac1[11,4]    0.474  0.521 -0.812
p.global[1]    -1.659  0.870  0.509
p.global[2]     0.473 -2.018  0.410
p.global[3]     0.380  0.993 -0.398
p.global[4]     0.318  0.786 -0.846
p.ind[1,1]     -0.527  0.946  1.123
p.ind[2,1]     -0.421  0.687  1.097
p.ind[3,1]     -0.664  1.385  0.879
p.ind[4,1]     -0.743  1.685  0.698
p.ind[5,1]     -0.671  1.411  0.864
p.ind[6,1]     -0.655  1.354  0.897
p.ind[7,1]     -0.815  1.988  0.503
p.ind[8,1]     -0.901  2.388  0.210
p.ind[9,1]     -0.836  2.084  0.440
p.ind[10,1]    -0.881  2.325  0.288
p.ind[11,1]    -0.909  2.286  0.177
p.ind[12,1]    -0.869  2.285  0.330
p.ind[13,1]    -0.933  2.315  0.066
p.ind[14,1]    -0.946  2.312  0.003
p.ind[15,1]    -0.964  2.282 -0.098
p.ind[16,1]    -0.942  2.314  0.024
p.ind[17,1]    -0.983  2.231 -0.220
p.ind[18,1]    -0.488  0.817  1.174
p.ind[19,1]    -0.668  1.402  0.870
p.ind[20,1]    -0.679  1.442  0.846
p.ind[21,1]    -0.613  1.208  0.987
p.ind[22,1]    -0.136 -0.182  1.192
p.ind[23,1]    -1.226  1.610  0.614
p.ind[24,1]    -0.855  0.334  0.525
p.ind[25,1]    -0.681  1.406  0.443
p.ind[26,1]    -0.684  1.422  0.413
p.ind[27,1]    -0.687  1.436  0.378
p.ind[28,1]    -0.536  1.906 -0.381
p.ind[29,1]    -0.504  1.887 -0.388
p.ind[30,1]    -0.510  1.891 -0.387
p.ind[31,1]    -0.367  1.784 -0.388
p.ind[32,1]    -0.384  1.798 -0.391
p.ind[33,1]    -0.403  1.814 -0.393
p.ind[34,1]    -0.434  1.839 -0.394
p.ind[35,1]    -0.343  1.763 -0.418
p.ind[36,1]    -0.269  1.695 -0.391
p.ind[37,1]    -0.941  2.315  0.031
p.ind[38,1]    -0.763  1.765  0.648
p.ind[39,1]    -0.668  1.332  0.540
p.ind[40,1]    -1.885  1.021  0.683
p.ind[41,1]    -0.763  1.765  0.648
p.ind[42,1]    -0.936  2.315  0.054
p.ind[43,1]    -1.396 -0.310  0.600
p.ind[44,1]    -1.212 -0.525  0.587
p.ind[45,1]    -0.729  0.863 -0.035
p.ind[46,1]    -0.708  0.789 -0.008
p.ind[47,1]    -0.641  0.570  0.057
p.ind[48,1]    -0.644  0.581  0.055
p.ind[49,1]    -1.879  1.360  0.328
p.ind[50,1]    -1.965  1.013  0.254
p.ind[51,1]    -0.230 -0.764  0.516
p.ind[52,1]    -1.841  0.386  0.451
p.ind[53,1]    -1.863  0.473  0.420
p.ind[54,1]    -0.933 -0.594  0.395
p.ind[55,1]    -1.411 -0.291  0.599
p.ind[56,1]    -1.562  0.572  0.413
p.ind[57,1]    -1.932  1.539  0.288
p.ind[58,1]    -1.496 -0.154  0.588
p.ind[59,1]    -0.228 -0.594  0.187
p.ind[60,1]    -1.147 -0.258  0.461
p.ind[61,1]    -1.461  0.311  0.417
p.ind[62,1]    -0.933  1.378  0.387
p.ind[63,1]    -1.875  0.976  0.730
p.ind[64,1]    -0.902  1.201 -0.354
p.ind[65,1]    -1.960  1.655  0.216
p.ind[66,1]    -0.646  1.286  0.639
p.ind[67,1]    -0.665  1.317  0.554
p.ind[68,1]    -0.591  1.021  1.099
p.ind[69,1]    -0.628 -0.145  0.323
p.ind[70,1]    -1.764  1.033  0.367
p.ind[71,1]    -1.523  0.486  0.416
p.ind[72,1]    -0.759  0.867 -0.077
p.ind[73,1]    -1.496 -0.154  0.588
p.ind[74,1]    -0.316  0.100  1.357
p.ind[75,1]    -0.504  0.709  1.252
p.ind[76,1]    -0.539  0.407  0.718
p.ind[77,1]    -0.690  1.530  0.316
p.ind[78,1]     0.267 -1.041  0.759
p.ind[79,1]    -0.885  1.253  0.468
p.ind[80,1]    -0.888  1.262  0.463
p.ind[81,1]    -1.640  0.298  1.720
p.ind[82,1]    -0.192 -0.933  0.534
p.ind[83,1]    -0.923  0.525  0.619
p.ind[84,1]    -0.673  0.757  0.661
p.ind[85,1]    -0.575  0.502  0.707
p.ind[86,1]    -0.183 -0.958  0.536
p.ind[87,1]    -0.824  1.099  0.542
p.ind[88,1]    -1.793  0.564  1.303
p.ind[89,1]    -1.702  0.397  1.618
p.ind[90,1]    -1.388  0.189  1.817
p.ind[91,1]    -0.374  0.275  1.342
p.ind[92,1]    -1.543 -0.093  0.579
p.ind[93,1]    -0.802  0.929  0.476
p.ind[94,1]    -1.825  0.700  1.153
p.ind[95,1]    -0.334  0.153  1.354
p.ind[96,1]    -0.246 -0.082  0.332
p.ind[97,1]     0.047 -0.787  0.094
p.ind[98,1]    -0.734  0.880 -0.041
p.ind[99,1]    -0.837  1.132  0.528
p.ind[100,1]   -0.672  1.352  0.518
p.ind[101,1]   -1.789  0.218  0.513
p.ind[102,1]   -1.169  1.350  0.647
p.ind[103,1]   -0.810  0.215  0.517
p.ind[104,1]   -0.181 -0.964  0.537
p.ind[105,1]   -0.788  1.008  0.578
p.ind[106,1]   -0.356  1.126  0.408
p.ind[107,1]   -0.469 -0.295  0.282
p.ind[108,1]   -0.496 -0.428  0.454
p.ind[109,1]    0.363 -1.425  0.643
p.ind[1,2]      0.332 -2.296  0.647
p.ind[2,2]      0.267 -2.452  0.587
p.ind[3,2]      0.391 -2.509  0.709
p.ind[4,2]      0.456 -2.644  0.739
p.ind[5,2]      0.396 -2.522  0.712
p.ind[6,2]      0.384 -2.492  0.705
p.ind[7,2]      0.528 -2.749  0.777
p.ind[8,2]      0.649 -3.119  0.853
p.ind[9,2]      0.553 -2.778  0.791
p.ind[10,2]     0.616 -2.840  0.830
p.ind[11,2]     0.663 -3.121  0.864
p.ind[12,2]     0.598 -2.824  0.818
p.ind[13,2]     0.710 -3.103  0.902
p.ind[14,2]     0.576 -3.073  0.926
p.ind[15,2]     0.597 -2.995  0.942
p.ind[16,2]     0.728 -3.085  0.917
p.ind[17,2]     0.624 -2.873  0.997
p.ind[18,2]     0.307 -2.174  0.627
p.ind[19,2]     0.394 -2.517  0.711
p.ind[20,2]     0.403 -2.538  0.716
p.ind[21,2]     0.355 -2.407  0.687
p.ind[22,2]     0.111 -1.086  0.340
p.ind[23,2]     0.464 -2.333  0.152
p.ind[24,2]     0.369 -0.739 -0.133
p.ind[25,2]     0.389 -2.202  0.489
p.ind[26,2]     0.393 -2.178  0.497
p.ind[27,2]     0.399 -2.144  0.508
p.ind[28,2]     0.330 -2.167  0.605
p.ind[29,2]     0.313 -2.129  0.589
p.ind[30,2]     0.316 -2.137  0.592
p.ind[31,2]     0.242 -1.955  0.509
p.ind[32,2]     0.250 -1.978  0.520
p.ind[33,2]     0.259 -2.003  0.531
p.ind[34,2]     0.276 -2.043  0.550
p.ind[35,2]     0.231 -1.924  0.494
p.ind[36,2]     0.201 -1.824  0.479
p.ind[37,2]     0.725 -3.088  0.915
p.ind[38,2]     0.474 -2.674  0.748
p.ind[39,2]     0.324 -2.022  0.463
p.ind[40,2]     1.076 -1.772  0.457
p.ind[41,2]     0.474 -2.674  0.748
p.ind[42,2]     0.715 -3.099  0.906
p.ind[43,2]     0.405  0.420 -0.244
p.ind[44,2]     0.286  0.808 -0.356
p.ind[45,2]     0.482 -1.313  0.543
p.ind[46,2]     0.447 -1.235  0.528
p.ind[47,2]     0.352 -0.958  0.477
p.ind[48,2]     0.357 -0.973  0.480
p.ind[49,2]     0.849 -1.895  0.234
p.ind[50,2]     0.723 -2.611  0.446
p.ind[51,2]    -1.138  0.342  0.063
p.ind[52,2]     0.750 -1.610  0.255
p.ind[53,2]     0.783 -1.850  0.303
p.ind[54,2]     0.524  0.513 -0.352
p.ind[55,2]     0.415  0.381 -0.233
p.ind[56,2]     0.847 -1.063 -0.027
p.ind[57,2]     0.888 -2.006  0.284
p.ind[58,2]     0.476  0.122 -0.163
p.ind[59,2]    -0.059  1.131 -0.426
p.ind[60,2]     0.628  0.144 -0.257
p.ind[61,2]     0.787 -0.664 -0.128
p.ind[62,2]     0.496 -1.955  0.395
p.ind[63,2]     1.061 -1.750  0.441
p.ind[64,2]     0.877 -1.698  0.695
p.ind[65,2]     0.918 -2.068  0.318
p.ind[66,2]     0.313 -2.007  0.439
p.ind[67,2]     0.321 -2.021  0.460
p.ind[68,2]     0.284 -1.946  0.403
p.ind[69,2]     0.048  0.177 -0.232
p.ind[70,2]     0.789 -1.693  0.139
p.ind[71,2]     0.834 -0.934 -0.060
p.ind[72,2]     0.535 -1.410  0.564
p.ind[73,2]     0.476  0.122 -0.163
p.ind[74,2]     0.177 -1.429  0.239
p.ind[75,2]     0.248 -1.924  0.355
p.ind[76,2]     0.233 -1.086  0.242
p.ind[77,2]     0.409 -2.073  0.528
p.ind[78,2]     0.000  0.426 -0.219
p.ind[79,2]     0.452 -2.037  0.374
p.ind[80,2]     0.455 -2.044  0.375
p.ind[81,2]     0.835 -1.438  0.230
p.ind[82,2]    -1.128  0.783 -0.059
p.ind[83,2]     0.391 -1.038 -0.091
p.ind[84,2]     0.315 -1.443  0.283
p.ind[85,2]     0.255 -1.191  0.255
p.ind[86,2]    -1.125  0.832 -0.079
p.ind[87,2]     0.406 -1.919  0.355
p.ind[88,2]     0.947 -1.590  0.345
p.ind[89,2]     0.877 -1.508  0.298
p.ind[90,2]     0.789 -1.349  0.203
p.ind[91,2]     0.200 -1.606  0.279
p.ind[92,2]     0.512 -0.048 -0.120
p.ind[93,2]     0.230 -1.821  0.108
p.ind[94,2]     1.000 -1.663  0.385
p.ind[95,2]     0.184 -1.485  0.252
p.ind[96,2]    -1.020 -2.040  0.581
p.ind[97,2]    -0.124  1.310 -0.515
p.ind[98,2]     0.490 -1.330  0.547
p.ind[99,2]     0.415 -1.945  0.359
p.ind[100,2]    0.328 -2.024  0.469
p.ind[101,2]    0.666 -0.990  0.082
p.ind[102,2]    0.451 -2.134  0.094
p.ind[103,2]    0.355 -0.556 -0.160
p.ind[104,2]   -1.124  0.843 -0.084
p.ind[105,2]    0.382 -1.843  0.312
p.ind[106,2]    0.440 -1.751  0.357
p.ind[107,2]    0.014  0.570 -0.307
p.ind[108,2]    0.252  0.374 -0.312
p.ind[109,2]   -1.147  1.100 -0.573
p.ind[1,3]     -0.588  1.209 -0.807
p.ind[2,3]     -0.554  1.236 -0.903
p.ind[3,3]     -0.641  1.139 -0.753
p.ind[4,3]     -0.683  1.079 -0.654
p.ind[5,3]     -0.644  1.134 -0.744
p.ind[6,3]     -0.637  1.145 -0.755
p.ind[7,3]     -0.738  1.010 -0.563
p.ind[8,3]     -0.846  0.883 -0.458
p.ind[9,3]     -0.759  0.986 -0.537
p.ind[10,3]    -0.814  0.921 -0.481
p.ind[11,3]    -0.861  0.866 -0.448
p.ind[12,3]    -0.798  0.941 -0.495
p.ind[13,3]    -0.919  0.801 -0.423
p.ind[14,3]    -0.949  0.759 -0.412
p.ind[15,3]    -0.998  0.685 -0.401
p.ind[16,3]    -0.939  0.773 -0.415
p.ind[17,3]    -1.057  0.598 -0.399
p.ind[18,3]    -0.575  1.222 -0.844
p.ind[19,3]    -0.643  1.136 -0.747
p.ind[20,3]    -0.648  1.128 -0.734
p.ind[21,3]    -0.619  1.170 -0.807
p.ind[22,3]    -0.461  1.213 -1.385
p.ind[23,3]     0.071  1.805 -0.182
p.ind[24,3]     0.213  1.690 -0.839
p.ind[25,3]    -0.298  0.433 -0.381
p.ind[26,3]    -0.308  0.404 -0.356
p.ind[27,3]    -0.309  0.367 -0.325
p.ind[28,3]    -0.408  0.477 -0.057
p.ind[29,3]    -0.343  0.535 -0.032
p.ind[30,3]    -0.356  0.524 -0.037
p.ind[31,3]    -0.050  0.737  0.150
p.ind[32,3]    -0.089  0.720  0.125
p.ind[33,3]    -0.131  0.699  0.098
p.ind[34,3]    -0.198  0.660  0.055
p.ind[35,3]     0.004  0.758  0.186
p.ind[36,3]     0.166  0.805  0.304
p.ind[37,3]    -0.935  0.778 -0.416
p.ind[38,3]    -0.696  1.062 -0.629
p.ind[39,3]    -0.268  0.513 -0.471
p.ind[40,3]    -1.454  1.271 -0.744
p.ind[41,3]    -0.696  1.062 -0.629
p.ind[42,3]    -0.924  0.793 -0.421
p.ind[43,3]     1.106  0.235 -0.533
p.ind[44,3]     1.308  0.016 -0.663
p.ind[45,3]    -0.730  0.570 -0.157
p.ind[46,3]    -0.704  0.556 -0.224
p.ind[47,3]    -0.609  0.491 -0.469
p.ind[48,3]    -0.615  0.495 -0.458
p.ind[49,3]    -0.561  0.929  0.116
p.ind[50,3]     0.007  1.223  0.475
p.ind[51,3]     1.625  0.099 -1.478
p.ind[52,3]     0.365  0.807  0.090
p.ind[53,3]     0.297  1.082  0.164
p.ind[54,3]     0.612  0.048 -1.264
p.ind[55,3]     1.088  0.252 -0.520
p.ind[56,3]    -0.116  0.704 -0.716
p.ind[57,3]    -0.677  0.917  0.311
p.ind[58,3]     0.976  0.354 -0.433
p.ind[59,3]     0.566 -0.366 -0.779
p.ind[60,3]     0.393  0.264 -1.174
p.ind[61,3]     0.028  0.582 -0.902
p.ind[62,3]    -0.788  0.783 -0.639
p.ind[63,3]    -1.438  1.299 -0.763
p.ind[64,3]    -0.996  0.410  0.038
p.ind[65,3]    -0.764  0.902  0.348
p.ind[66,3]    -0.240  0.580 -0.570
p.ind[67,3]    -0.264  0.524 -0.485
p.ind[68,3]    -0.198  0.842 -0.730
p.ind[69,3]     0.121  0.096 -0.352
p.ind[70,3]    -0.373  0.881 -0.235
p.ind[71,3]    -0.069  0.666 -0.782
p.ind[72,3]    -0.764  0.585 -0.071
p.ind[73,3]     0.976  0.354 -0.433
p.ind[74,3]    -0.059  0.981 -1.305
p.ind[75,3]    -0.150  0.924 -0.889
p.ind[76,3]    -0.471  0.945 -1.759
p.ind[77,3]    -0.336  0.296 -0.275
p.ind[78,3]     0.028  0.898 -0.650
p.ind[79,3]    -0.708  0.839 -0.814
p.ind[80,3]    -0.713  0.836 -0.802
p.ind[81,3]    -1.554  1.563 -1.146
p.ind[82,3]     1.681 -0.259 -1.551
p.ind[83,3]     0.169  1.746 -0.762
p.ind[84,3]    -0.538  0.938 -1.436
p.ind[85,3]    -0.488  0.947 -1.677
p.ind[86,3]     1.689 -0.316 -1.556
p.ind[87,3]    -0.642  0.882 -1.010
p.ind[88,3]    -1.343  1.453 -0.994
p.ind[89,3]    -1.303  1.525 -1.088
p.ind[90,3]    -1.530  1.585 -1.209
p.ind[91,3]    -0.088  0.973 -0.931
p.ind[92,3]     0.908  0.410 -0.377
p.ind[93,3]    -0.300  0.333  0.624
p.ind[94,3]    -1.383  1.389 -0.846
p.ind[95,3]    -0.068  0.979 -1.289
p.ind[96,3]     1.389  0.954 -0.889
p.ind[97,3]     0.893 -0.675 -0.885
p.ind[98,3]    -0.736  0.574 -0.141
p.ind[99,3]    -0.654  0.874 -0.970
p.ind[100,3]   -0.275  0.496 -0.450
p.ind[101,3]    0.529  0.661 -0.092
p.ind[102,3]    0.096  1.835 -0.348
p.ind[103,3]    0.233  1.647 -0.884
p.ind[104,3]    1.692 -0.330 -1.557
p.ind[105,3]   -0.611  0.901 -1.121
p.ind[106,3]   -0.247  0.892 -0.129
p.ind[107,3]    0.245 -0.030 -0.524
p.ind[108,3]    0.431  1.642 -1.230
p.ind[109,3]    1.750 -1.287 -1.152
p.ind[1,4]      0.445  0.563 -0.888
p.ind[2,4]      0.449  0.507 -0.902
p.ind[3,4]      0.431  0.626 -1.074
p.ind[4,4]      0.415  0.660 -1.118
p.ind[5,4]      0.430  0.629 -1.078
p.ind[6,4]      0.432  0.622 -1.068
p.ind[7,4]      0.392  0.690 -1.148
p.ind[8,4]      0.346  0.728 -1.093
p.ind[9,4]      0.384  0.699 -1.150
p.ind[10,4]     0.361  0.719 -1.097
p.ind[11,4]     0.340  0.733 -1.090
p.ind[12,4]     0.368  0.713 -1.099
p.ind[13,4]     0.319  0.747 -1.078
p.ind[14,4]     0.306  0.755 -1.070
p.ind[15,4]     0.283  0.769 -1.053
p.ind[16,4]     0.310  0.752 -1.073
p.ind[17,4]     0.252  0.786 -1.028
p.ind[18,4]     0.447  0.543 -0.893
p.ind[19,4]     0.430  0.628 -1.077
p.ind[20,4]     0.428  0.633 -1.084
p.ind[21,4]     0.438  0.604 -1.039
p.ind[22,4]     0.387  0.341 -0.896
p.ind[23,4]     0.188  0.299 -0.564
p.ind[24,4]     0.042 -0.460  0.108
p.ind[25,4]     0.337  0.963 -0.916
p.ind[26,4]     0.271  0.975 -0.913
p.ind[27,4]     0.269  0.990 -0.910
p.ind[28,4]    -0.037  1.311 -0.763
p.ind[29,4]    -0.060  1.320 -0.738
p.ind[30,4]    -0.055  1.318 -0.743
p.ind[31,4]    -0.153  1.486 -0.647
p.ind[32,4]    -0.141  1.491 -0.658
p.ind[33,4]    -0.127  1.497 -0.670
p.ind[34,4]    -0.107  1.508 -0.690
p.ind[35,4]    -0.169  1.479 -0.632
p.ind[36,4]    -0.220  1.457 -0.586
p.ind[37,4]     0.312  0.752 -1.074
p.ind[38,4]     0.409  0.668 -1.126
p.ind[39,4]     0.333  0.920 -0.924
p.ind[40,4]     0.916  0.636 -1.172
p.ind[41,4]     0.409  0.668 -1.126
p.ind[42,4]     0.317  0.749 -1.077
p.ind[43,4]    -0.245 -0.443  0.167
p.ind[44,4]    -0.395 -0.703  0.397
p.ind[45,4]     0.500  0.545 -0.738
p.ind[46,4]     0.503  0.480 -0.699
p.ind[47,4]     0.536  0.301 -0.518
p.ind[48,4]     0.538  0.310 -0.527
p.ind[49,4]     0.699  0.531 -1.016
p.ind[50,4]     0.185  0.317 -0.731
p.ind[51,4]     0.486  0.226  0.102
p.ind[52,4]     0.097  0.119 -0.603
p.ind[53,4]     0.120  0.156 -0.654
p.ind[54,4]    -0.170 -0.341  1.134
p.ind[55,4]    -0.233 -0.423  0.147
p.ind[56,4]     0.446  0.208 -0.012
p.ind[57,4]     0.723  0.609 -1.174
p.ind[58,4]    -0.162 -0.303  0.024
p.ind[59,4]    -0.167 -0.709  0.993
p.ind[60,4]     0.031 -0.177  0.876
p.ind[61,4]     0.328  0.091  0.306
p.ind[62,4]     0.397  0.802 -0.658
p.ind[63,4]     0.922  0.619 -1.186
p.ind[64,4]     0.408  0.771 -0.843
p.ind[65,4]     0.731  0.659 -1.248
p.ind[66,4]     0.316  0.872 -0.808
p.ind[67,4]     0.332  0.913 -0.924
p.ind[68,4]     0.289  0.858 -0.766
p.ind[69,4]     0.244 -0.095  0.077
p.ind[70,4]     0.620  0.439 -0.444
p.ind[71,4]     0.409  0.169  0.096
p.ind[72,4]     0.492  0.446 -0.780
p.ind[73,4]    -0.162 -0.303  0.024
p.ind[74,4]     0.118  0.536 -0.510
p.ind[75,4]     0.241  0.726 -0.702
p.ind[76,4]     0.396  0.408 -0.018
p.ind[77,4]     0.265  1.017 -0.902
p.ind[78,4]    -0.417 -0.421  0.356
p.ind[79,4]     0.393  0.740 -0.614
p.ind[80,4]     0.393  0.744 -0.617
p.ind[81,4]     0.958  0.329 -1.235
p.ind[82,4]     0.407  0.060  0.471
p.ind[83,4]     0.081 -0.357 -0.067
p.ind[84,4]     0.420  0.648 -0.255
p.ind[85,4]     0.404  0.476 -0.088
p.ind[86,4]     0.389  0.035  0.523
p.ind[87,4]     0.390  0.944 -0.549
p.ind[88,4]     0.949  0.509 -1.306
p.ind[89,4]     0.963  0.358 -1.232
p.ind[90,4]     0.948  0.295 -1.229
p.ind[91,4]     0.159  0.589 -0.588
p.ind[92,4]    -0.123 -0.237 -0.049
p.ind[93,4]     0.394  0.636 -0.978
p.ind[94,4]     0.940  0.557 -1.274
p.ind[95,4]     0.131  0.552 -0.534
p.ind[96,4]     0.309  0.630 -0.333
p.ind[97,4]    -0.494 -1.120  1.169
p.ind[98,4]     0.499  0.396 -0.746
p.ind[99,4]     0.391  0.972 -0.564
p.ind[100,4]    0.334  0.930 -0.922
p.ind[101,4]    0.023  0.038 -0.474
p.ind[102,4]    0.179  0.113 -0.475
p.ind[103,4]    0.014 -0.525  0.242
p.ind[104,4]    0.385  0.027  0.536
p.ind[105,4]    0.430  0.868 -0.504
p.ind[106,4]    0.107  0.316 -0.732
p.ind[107,4]    0.153 -0.257  0.421
p.ind[108,4]   -0.237 -1.177  0.954
p.ind[109,4]   -0.428 -0.758  1.584
