
################################################################################
# Gelman-Rubin Diagnostic
################################################################################

Generally the Gelman diagnostic should be < 1.05


Out of 639 variables: 119 > 1.01

                      
0 > 1.05

                      
0 > 1.1


The worst variables are:

             Point est. Upper C.I.
p.fac1[2,4]    1.026576   1.059005
p.ind[97,4]    1.026112   1.057986
p.ind[110,2]   1.018546   1.042555
p.ind[4,4]     1.018298   1.044144
p.ind[1,4]     1.018297   1.044131
p.ind[19,4]    1.018240   1.043990
p.ind[22,4]    1.018152   1.043883
p.ind[105,2]   1.018025   1.043549
p.ind[87,2]    1.018003   1.043497
p.ind[2,4]     1.017982   1.043415


And here are the Gelman diagnostics for all variables:

               Point est. Upper C.I.
deviance        1.0019452  1.0096560
fac1.sig        1.0071518  1.0270431
ilr.cont1[1]    1.0119875  1.0243482
ilr.cont1[2]    1.0109526  1.0256886
ilr.cont1[3]    1.0033446  1.0110117
ilr.fac1[1,1]   1.0042037  1.0142611
ilr.fac1[2,1]   1.0014653  1.0057332
ilr.fac1[3,1]   1.0006546  1.0030825
ilr.fac1[4,1]   1.0047868  1.0198194
ilr.fac1[5,1]   1.0013901  1.0064385
ilr.fac1[6,1]   1.0029002  1.0088427
ilr.fac1[7,1]   1.0008092  1.0034949
ilr.fac1[8,1]   0.9992472  0.9993687
ilr.fac1[9,1]   1.0094618  1.0339484
ilr.fac1[10,1]  1.0006151  1.0017748
ilr.fac1[11,1]  1.0000614  1.0010128
ilr.fac1[1,2]   1.0067074  1.0268082
ilr.fac1[2,2]   1.0029973  1.0045392
ilr.fac1[3,2]   1.0035909  1.0076860
ilr.fac1[4,2]   1.0023325  1.0100772
ilr.fac1[5,2]   1.0017245  1.0064931
ilr.fac1[6,2]   1.0014486  1.0042541
ilr.fac1[7,2]   1.0012820  1.0065734
ilr.fac1[8,2]   1.0013282  1.0037914
ilr.fac1[9,2]   1.0027022  1.0043508
ilr.fac1[10,2]  1.0051606  1.0154115
ilr.fac1[11,2]  1.0025793  1.0120801
ilr.fac1[1,3]   1.0012309  1.0069437
ilr.fac1[2,3]   1.0002059  1.0024846
ilr.fac1[3,3]   1.0008338  1.0011664
ilr.fac1[4,3]   0.9999644  1.0016184
ilr.fac1[5,3]   1.0031295  1.0063440
ilr.fac1[6,3]   1.0010459  1.0038457
ilr.fac1[7,3]   1.0019013  1.0053107
ilr.fac1[8,3]   1.0003989  1.0028023
ilr.fac1[9,3]   0.9996091  0.9999129
ilr.fac1[10,3]  1.0012588  1.0019348
ilr.fac1[11,3]  1.0080535  1.0239343
ilr.global[1]   1.0072491  1.0168965
ilr.global[2]   1.0066625  1.0193751
ilr.global[3]   1.0166627  1.0491755
loglik[1]       0.9994364  1.0004312
loglik[2]       1.0011177  1.0061894
loglik[3]       0.9995548  1.0005727
loglik[4]       1.0023941  1.0100775
loglik[5]       1.0010294  1.0062970
loglik[6]       1.0004644  1.0034405
loglik[7]       1.0072690  1.0196328
loglik[8]       1.0004762  1.0022303
loglik[9]       1.0017755  1.0029633
loglik[10]      0.9999715  1.0003787
loglik[11]      1.0038694  1.0129637
loglik[12]      1.0044994  1.0143011
loglik[13]      1.0003886  1.0013447
loglik[14]      1.0019371  1.0096336
loglik[15]      1.0015506  1.0049712
loglik[16]      1.0003835  1.0005469
loglik[17]      1.0057675  1.0186333
loglik[18]      1.0027133  1.0096740
loglik[19]      0.9998524  1.0007208
loglik[20]      0.9996013  1.0011802
loglik[21]      0.9991637  0.9994851
loglik[22]      0.9991363  0.9992706
loglik[23]      1.0006667  1.0028301
loglik[24]      1.0083930  1.0263740
loglik[25]      1.0053781  1.0170871
loglik[26]      0.9994666  0.9996869
loglik[27]      1.0029452  1.0075903
loglik[28]      0.9999508  1.0017789
loglik[29]      1.0014292  1.0074442
loglik[30]      1.0001082  1.0013145
loglik[31]      1.0048648  1.0176934
loglik[32]      1.0037207  1.0143863
loglik[33]      1.0008252  1.0050009
loglik[34]      1.0008048  1.0040819
loglik[35]      1.0047224  1.0166164
loglik[36]      1.0017007  1.0064246
loglik[37]      1.0007975  1.0055731
loglik[38]      1.0020422  1.0095824
loglik[39]      0.9999626  1.0021499
loglik[40]      1.0018509  1.0087120
loglik[41]      1.0038366  1.0137756
loglik[42]      0.9999271  1.0020444
loglik[43]      1.0054018  1.0220741
loglik[44]      1.0014781  1.0036469
loglik[45]      1.0007538  1.0025734
loglik[46]      0.9995206  0.9998604
loglik[47]      1.0022853  1.0034459
loglik[48]      1.0002613  1.0016810
loglik[49]      1.0013776  1.0017509
loglik[50]      1.0001472  1.0020330
loglik[51]      0.9998738  1.0020954
loglik[52]      1.0020919  1.0074331
loglik[53]      1.0008665  1.0053236
loglik[54]      1.0014738  1.0068510
loglik[55]      1.0009203  1.0051026
loglik[56]      1.0013037  1.0069251
loglik[57]      0.9998684  1.0006144
loglik[58]      1.0017649  1.0090738
loglik[59]      1.0024641  1.0098016
loglik[60]      1.0005984  1.0036415
loglik[61]      1.0023964  1.0082405
loglik[62]      1.0011819  1.0048636
loglik[63]      1.0044256  1.0154472
loglik[64]      1.0011341  1.0048812
loglik[65]      1.0009152  1.0043078
loglik[66]      1.0003544  1.0006151
loglik[67]      1.0058640  1.0231125
loglik[68]      1.0008156  1.0046918
loglik[69]      1.0034075  1.0142738
loglik[70]      1.0011063  1.0048704
loglik[71]      1.0017292  1.0061597
loglik[72]      1.0016820  1.0080622
loglik[73]      1.0022661  1.0059467
loglik[74]      1.0003032  1.0012915
loglik[75]      1.0067624  1.0262538
loglik[76]      1.0039102  1.0083463
loglik[77]      1.0009849  1.0030480
loglik[78]      1.0006211  1.0047169
loglik[79]      1.0007213  1.0022089
loglik[80]      1.0051970  1.0163339
loglik[81]      1.0039557  1.0128746
loglik[82]      1.0007260  1.0019493
loglik[83]      1.0012766  1.0066300
loglik[84]      1.0035070  1.0139329
loglik[85]      1.0009747  1.0041001
loglik[86]      1.0010625  1.0038869
loglik[87]      1.0039462  1.0138551
loglik[88]      1.0018291  1.0080925
loglik[89]      1.0018907  1.0058168
loglik[90]      1.0034876  1.0129913
loglik[91]      0.9998929  1.0001062
loglik[92]      1.0058054  1.0230260
loglik[93]      1.0022356  1.0087491
loglik[94]      1.0097578  1.0127852
loglik[95]      1.0043900  1.0137905
loglik[96]      1.0015989  1.0072171
loglik[97]      1.0019284  1.0074024
loglik[98]      1.0019524  1.0056862
loglik[99]      1.0002430  1.0010447
loglik[100]     1.0008314  1.0039034
loglik[101]     1.0017763  1.0052152
loglik[102]     0.9999545  1.0006296
loglik[103]     1.0042704  1.0097737
loglik[104]     1.0037794  1.0123367
loglik[105]     1.0012394  1.0050686
loglik[106]     1.0010247  1.0055211
loglik[107]     1.0013113  1.0030215
loglik[108]     1.0014479  1.0057066
loglik[109]     1.0019934  1.0095608
loglik[110]     0.9999559  1.0010921
p.fac1[1,1]     1.0027640  1.0078972
p.fac1[2,1]     1.0072278  1.0268303
p.fac1[3,1]     1.0013471  1.0063104
p.fac1[4,1]     1.0084912  1.0319574
p.fac1[5,1]     1.0005492  1.0033120
p.fac1[6,1]     1.0019338  1.0079330
p.fac1[7,1]     1.0005786  1.0040461
p.fac1[8,1]     1.0061849  1.0203481
p.fac1[9,1]     1.0009860  1.0025973
p.fac1[10,1]    1.0026217  1.0116744
p.fac1[11,1]    1.0017656  1.0085093
p.fac1[1,2]     1.0094861  1.0203262
p.fac1[2,2]     1.0112768  1.0246303
p.fac1[3,2]     1.0031450  1.0110589
p.fac1[4,2]     1.0083401  1.0262919
p.fac1[5,2]     1.0028473  1.0097336
p.fac1[6,2]     1.0031390  1.0118254
p.fac1[7,2]     1.0033304  1.0113222
p.fac1[8,2]     1.0070856  1.0180755
p.fac1[9,2]     1.0012839  1.0034391
p.fac1[10,2]    1.0015112  1.0059868
p.fac1[11,2]    1.0052925  1.0145816
p.fac1[1,3]     1.0121535  1.0395665
p.fac1[2,3]     1.0073404  1.0235704
p.fac1[3,3]     1.0111115  1.0407518
p.fac1[4,3]     1.0091306  1.0344709
p.fac1[5,3]     1.0036449  1.0159247
p.fac1[6,3]     1.0057975  1.0212638
p.fac1[7,3]     1.0096480  1.0351598
p.fac1[8,3]     1.0116045  1.0363352
p.fac1[9,3]     1.0081902  1.0310628
p.fac1[10,3]    1.0038459  1.0137791
p.fac1[11,3]    1.0053021  1.0206315
p.fac1[1,4]     1.0104254  1.0291683
p.fac1[2,4]     1.0265764  1.0590049
p.fac1[3,4]     1.0172151  1.0419774
p.fac1[4,4]     1.0085802  1.0284316
p.fac1[5,4]     1.0028195  1.0103450
p.fac1[6,4]     1.0075865  1.0277020
p.fac1[7,4]     1.0133038  1.0361355
p.fac1[8,4]     1.0074006  1.0272065
p.fac1[9,4]     1.0091004  1.0269778
p.fac1[10,4]    1.0073867  1.0254137
p.fac1[11,4]    1.0042863  1.0126632
p.global[1]     1.0051620  1.0165740
p.global[2]     1.0081207  1.0235676
p.global[3]     1.0092517  1.0354045
p.global[4]     1.0107212  1.0349151
p.ind[1,1]      1.0011745  1.0059188
p.ind[2,1]      1.0011333  1.0058731
p.ind[3,1]      1.0012599  1.0060905
p.ind[4,1]      1.0011821  1.0059303
p.ind[5,1]      1.0013486  1.0063144
p.ind[6,1]      1.0012663  1.0061058
p.ind[7,1]      1.0012524  1.0060729
p.ind[8,1]      1.0014778  1.0066615
p.ind[9,1]      1.0017638  1.0074443
p.ind[10,1]     1.0015293  1.0068021
p.ind[11,1]     1.0016754  1.0072024
p.ind[12,1]     1.0018050  1.0075566
p.ind[13,1]     1.0016316  1.0070824
p.ind[14,1]     1.0019539  1.0079605
p.ind[15,1]     1.0020491  1.0082168
p.ind[16,1]     1.0022165  1.0086629
p.ind[17,1]     1.0020161  1.0081283
p.ind[18,1]     1.0024337  1.0092324
p.ind[19,1]     1.0011579  1.0058969
p.ind[20,1]     1.0012639  1.0061000
p.ind[21,1]     1.0012742  1.0061251
p.ind[22,1]     1.0012213  1.0060038
p.ind[23,1]     1.0010094  1.0057365
p.ind[24,1]     1.0086227  1.0325860
p.ind[25,1]     1.0085938  1.0325571
p.ind[26,1]     1.0004984  1.0012309
p.ind[27,1]     1.0004520  1.0011082
p.ind[28,1]     1.0003974  1.0009659
p.ind[29,1]     1.0006745  1.0018048
p.ind[30,1]     1.0006754  1.0019030
p.ind[31,1]     1.0006769  1.0018862
p.ind[32,1]     1.0005753  1.0021644
p.ind[33,1]     1.0005849  1.0021313
p.ind[34,1]     1.0005989  1.0020975
p.ind[35,1]     1.0006266  1.0020445
p.ind[36,1]     1.0005688  1.0022165
p.ind[37,1]     1.0006140  1.0024466
p.ind[38,1]     1.0020063  1.0081018
p.ind[39,1]     1.0013780  1.0063922
p.ind[40,1]     1.0006612  1.0016727
p.ind[41,1]     1.0012341  1.0054931
p.ind[42,1]     1.0013780  1.0063922
p.ind[43,1]     1.0019712  1.0080072
p.ind[44,1]     1.0027413  1.0063155
p.ind[45,1]     1.0026947  1.0061209
p.ind[46,1]     1.0015466  1.0076387
p.ind[47,1]     1.0014983  1.0074320
p.ind[48,1]     1.0013851  1.0069128
p.ind[49,1]     1.0013897  1.0069352
p.ind[50,1]     1.0005879  1.0033761
p.ind[51,1]     1.0026761  1.0072548
p.ind[52,1]     1.0083186  1.0289368
p.ind[53,1]     1.0026340  1.0064436
p.ind[54,1]     1.0026284  1.0065179
p.ind[55,1]     1.0005207  1.0031087
p.ind[56,1]     1.0027410  1.0063225
p.ind[57,1]     1.0006961  1.0035816
p.ind[58,1]     1.0005565  1.0033235
p.ind[59,1]     1.0027311  1.0063451
p.ind[60,1]     1.0045260  1.0176004
p.ind[61,1]     1.0006263  1.0033942
p.ind[62,1]     1.0006977  1.0035824
p.ind[63,1]     1.0062845  1.0207216
p.ind[64,1]     1.0011598  1.0053274
p.ind[65,1]     1.0023220  1.0104620
p.ind[66,1]     1.0005405  1.0032992
p.ind[67,1]     1.0008442  1.0021875
p.ind[68,1]     1.0006869  1.0017439
p.ind[69,1]     1.0011529  1.0030910
p.ind[70,1]     1.0042344  1.0172383
p.ind[71,1]     1.0006463  1.0034829
p.ind[72,1]     1.0006988  1.0035868
p.ind[73,1]     1.0016274  1.0079711
p.ind[74,1]     1.0027311  1.0063451
p.ind[75,1]     1.0018429  1.0053019
p.ind[76,1]     1.0014764  1.0040820
p.ind[77,1]     1.0054385  1.0190649
p.ind[78,1]     1.0003069  1.0007356
p.ind[79,1]     1.0001658  1.0021854
p.ind[80,1]     1.0062472  1.0205159
p.ind[81,1]     1.0062512  1.0205298
p.ind[82,1]     1.0004949  1.0038623
p.ind[83,1]     1.0083257  1.0285410
p.ind[84,1]     1.0087144  1.0329822
p.ind[85,1]     1.0058243  1.0197121
p.ind[86,1]     1.0055477  1.0192537
p.ind[87,1]     1.0083124  1.0284294
p.ind[88,1]     1.0061604  1.0202952
p.ind[89,1]     1.0007423  1.0044048
p.ind[90,1]     1.0005745  1.0040372
p.ind[91,1]     1.0004239  1.0037048
p.ind[92,1]     1.0017595  1.0050059
p.ind[93,1]     1.0027207  1.0063476
p.ind[94,1]     1.0028077  1.0123395
p.ind[95,1]     1.0009094  1.0047723
p.ind[96,1]     1.0018197  1.0052176
p.ind[97,1]     1.0076755  1.0279240
p.ind[98,1]     1.0041780  1.0158527
p.ind[99,1]     1.0015593  1.0076921
p.ind[100,1]    1.0061821  1.0203418
p.ind[101,1]    1.0006230  1.0015676
p.ind[102,1]    1.0026609  1.0063559
p.ind[103,1]    1.0087420  1.0330722
p.ind[104,1]    1.0084914  1.0321997
p.ind[105,1]    1.0083084  1.0283992
p.ind[106,1]    1.0060919  1.0201624
p.ind[107,1]    1.0012704  1.0056925
p.ind[108,1]    1.0044106  1.0177139
p.ind[109,1]    1.0073562  1.0283227
p.ind[110,1]    1.0045051  1.0161848
p.ind[1,2]      1.0045446  1.0151977
p.ind[2,2]      1.0053129  1.0173529
p.ind[3,2]      1.0036231  1.0125113
p.ind[4,2]      1.0044302  1.0148708
p.ind[5,2]      1.0031387  1.0110395
p.ind[6,2]      1.0035775  1.0123748
p.ind[7,2]      1.0036791  1.0126783
p.ind[8,2]      1.0027403  1.0097783
p.ind[9,2]      1.0023192  1.0083316
p.ind[10,2]     1.0026320  1.0094228
p.ind[11,2]     1.0024112  1.0086670
p.ind[12,2]     1.0022839  1.0081977
p.ind[13,2]     1.0024669  1.0088627
p.ind[14,2]     1.0021872  1.0078024
p.ind[15,2]     1.0021450  1.0076062
p.ind[16,2]     1.0020985  1.0073380
p.ind[17,2]     1.0021582  1.0076699
p.ind[18,2]     1.0020770  1.0070939
p.ind[19,2]     1.0048279  1.0160006
p.ind[20,2]     1.0035943  1.0124253
p.ind[21,2]     1.0035240  1.0122143
p.ind[22,2]     1.0039523  1.0134858
p.ind[23,2]     1.0073946  1.0228794
p.ind[24,2]     1.0095582  1.0291849
p.ind[25,2]     1.0148502  1.0401440
p.ind[26,2]     1.0002509  1.0011184
p.ind[27,2]     1.0001665  1.0009294
p.ind[28,2]     1.0000702  1.0007144
p.ind[29,2]     1.0016002  1.0034588
p.ind[30,2]     1.0017682  1.0037923
p.ind[31,2]     1.0017377  1.0037306
p.ind[32,2]     1.0023401  1.0050138
p.ind[33,2]     1.0022700  1.0048630
p.ind[34,2]     1.0021936  1.0046976
p.ind[35,2]     1.0020687  1.0044260
p.ind[36,2]     1.0024410  1.0052282
p.ind[37,2]     1.0027948  1.0059600
p.ind[38,2]     1.0021624  1.0076898
p.ind[39,2]     1.0030261  1.0106889
p.ind[40,2]     1.0005661  1.0018262
p.ind[41,2]     1.0019278  1.0083245
p.ind[42,2]     1.0030261  1.0106889
p.ind[43,2]     1.0021785  1.0077639
p.ind[44,2]     1.0114248  1.0250681
p.ind[45,2]     1.0108930  1.0249672
p.ind[46,2]     1.0057341  1.0156876
p.ind[47,2]     1.0058559  1.0160336
p.ind[48,2]     1.0061785  1.0170517
p.ind[49,2]     1.0061645  1.0170040
p.ind[50,2]     1.0034695  1.0116225
p.ind[51,2]     1.0098149  1.0204883
p.ind[52,2]     1.0171259  1.0413129
p.ind[53,2]     1.0110766  1.0224878
p.ind[54,2]     1.0108515  1.0220327
p.ind[55,2]     1.0058847  1.0190896
p.ind[56,2]     1.0114575  1.0250546
p.ind[57,2]     1.0053364  1.0168282
p.ind[58,2]     1.0029809  1.0101505
p.ind[59,2]     1.0116095  1.0248997
p.ind[60,2]     1.0062051  1.0176401
p.ind[61,2]     1.0060200  1.0190737
p.ind[62,2]     1.0057116  1.0178907
p.ind[63,2]     1.0059851  1.0154155
p.ind[64,2]     1.0020302  1.0085543
p.ind[65,2]     1.0047004  1.0135019
p.ind[66,2]     1.0026576  1.0091287
p.ind[67,2]     1.0009556  1.0027016
p.ind[68,2]     1.0006185  1.0019439
p.ind[69,2]     1.0017044  1.0043813
p.ind[70,2]     1.0048318  1.0137094
p.ind[71,2]     1.0043251  1.0140576
p.ind[72,2]     1.0054752  1.0172138
p.ind[73,2]     1.0055512  1.0152018
p.ind[74,2]     1.0116095  1.0248997
p.ind[75,2]     1.0041637  1.0098872
p.ind[76,2]     1.0026545  1.0065014
p.ind[77,2]     1.0093239  1.0242884
p.ind[78,2]     0.9999189  1.0003778
p.ind[79,2]     1.0171049  1.0388746
p.ind[80,2]     1.0066065  1.0168797
p.ind[81,2]     1.0065651  1.0167789
p.ind[82,2]     1.0036499  1.0119950
p.ind[83,2]     1.0179077  1.0432747
p.ind[84,2]     1.0142395  1.0389578
p.ind[85,2]     1.0084379  1.0217278
p.ind[86,2]     1.0090981  1.0236259
p.ind[87,2]     1.0180029  1.0434970
p.ind[88,2]     1.0072261  1.0184369
p.ind[89,2]     1.0028390  1.0102923
p.ind[90,2]     1.0033445  1.0113519
p.ind[91,2]     1.0039778  1.0126969
p.ind[92,2]     1.0037412  1.0089298
p.ind[93,2]     1.0116604  1.0247508
p.ind[94,2]     1.0018231  1.0066142
p.ind[95,2]     1.0024574  1.0094841
p.ind[96,2]     1.0040377  1.0096002
p.ind[97,2]     1.0133298  1.0305489
p.ind[98,2]     1.0071459  1.0198862
p.ind[99,2]     1.0057035  1.0156037
p.ind[100,2]    1.0071027  1.0181193
p.ind[101,2]    1.0004896  1.0016542
p.ind[102,2]    1.0114935  1.0235361
p.ind[103,2]    1.0108388  1.0320237
p.ind[104,2]    1.0151904  1.0407999
p.ind[105,2]    1.0180253  1.0435487
p.ind[106,2]    1.0075536  1.0192967
p.ind[107,2]    1.0045295  1.0147978
p.ind[108,2]    1.0052954  1.0150459
p.ind[109,2]    1.0165430  1.0433709
p.ind[110,2]    1.0185457  1.0425550
p.ind[1,3]      1.0119492  1.0434126
p.ind[2,3]      1.0121933  1.0442050
p.ind[3,3]      1.0114833  1.0419263
p.ind[4,3]      1.0119036  1.0432660
p.ind[5,3]      1.0111057  1.0407335
p.ind[6,3]      1.0114529  1.0418299
p.ind[7,3]      1.0115195  1.0420408
p.ind[8,3]      1.0106627  1.0393416
p.ind[9,3]      1.0098922  1.0369308
p.ind[10,3]     1.0105077  1.0388558
p.ind[11,3]     1.0101103  1.0376125
p.ind[12,3]     1.0097951  1.0366272
p.ind[13,3]     1.0102239  1.0379678
p.ind[14,3]     1.0094622  1.0355870
p.ind[15,3]     1.0092612  1.0349588
p.ind[16,3]     1.0089242  1.0339043
p.ind[17,3]     1.0093299  1.0351736
p.ind[18,3]     1.0085067  1.0325946
p.ind[19,3]     1.0120508  1.0437408
p.ind[20,3]     1.0114643  1.0418658
p.ind[21,3]     1.0114161  1.0417133
p.ind[22,3]     1.0116789  1.0425476
p.ind[23,3]     1.0124941  1.0452390
p.ind[24,3]     1.0095960  1.0356762
p.ind[25,3]     1.0105061  1.0375714
p.ind[26,3]     1.0075200  1.0289934
p.ind[27,3]     1.0074313  1.0287161
p.ind[28,3]     1.0073187  1.0283627
p.ind[29,3]     1.0029456  1.0123967
p.ind[30,3]     1.0028461  1.0117004
p.ind[31,3]     1.0028637  1.0118301
p.ind[32,3]     1.0025081  1.0091149
p.ind[33,3]     1.0025559  1.0094291
p.ind[34,3]     1.0026046  1.0097769
p.ind[35,3]     1.0026784  1.0103530
p.ind[36,3]     1.0024335  1.0086731
p.ind[37,3]     1.0021168  1.0072092
p.ind[38,3]     1.0093506  1.0352381
p.ind[39,3]     1.0109963  1.0403890
p.ind[40,3]     1.0077902  1.0298337
p.ind[41,3]     1.0090173  1.0335107
p.ind[42,3]     1.0109963  1.0403890
p.ind[43,3]     1.0094251  1.0354711
p.ind[44,3]     1.0155110  1.0513402
p.ind[45,3]     1.0138069  1.0467571
p.ind[46,3]     1.0054502  1.0210259
p.ind[47,3]     1.0054439  1.0209969
p.ind[48,3]     1.0053210  1.0206026
p.ind[49,3]     1.0053299  1.0206305
p.ind[50,3]     1.0040024  1.0171811
p.ind[51,3]     1.0135039  1.0435786
p.ind[52,3]     1.0113834  1.0333428
p.ind[53,3]     1.0162360  1.0519875
p.ind[54,3]     1.0158749  1.0508190
p.ind[55,3]     1.0036949  1.0158874
p.ind[56,3]     1.0156249  1.0516332
p.ind[57,3]     1.0044839  1.0187122
p.ind[58,3]     1.0037327  1.0162365
p.ind[59,3]     1.0162038  1.0530728
p.ind[60,3]     1.0046364  1.0161529
p.ind[61,3]     1.0040880  1.0172350
p.ind[62,3]     1.0044464  1.0185293
p.ind[63,3]     1.0109827  1.0344236
p.ind[64,3]     1.0090907  1.0337066
p.ind[65,3]     1.0046057  1.0186015
p.ind[66,3]     1.0035077  1.0154346
p.ind[67,3]     1.0080347  1.0305870
p.ind[68,3]     1.0078279  1.0299503
p.ind[69,3]     1.0083420  1.0315244
p.ind[70,3]     1.0055708  1.0181142
p.ind[71,3]     1.0043232  1.0182589
p.ind[72,3]     1.0044806  1.0186822
p.ind[73,3]     1.0054214  1.0209576
p.ind[74,3]     1.0162038  1.0530728
p.ind[75,3]     1.0086573  1.0324642
p.ind[76,3]     1.0085542  1.0321628
p.ind[77,3]     1.0117742  1.0375343
p.ind[78,3]     1.0071086  1.0276994
p.ind[79,3]     1.0071735  1.0260068
p.ind[80,3]     1.0113783  1.0356112
p.ind[81,3]     1.0113555  1.0355408
p.ind[82,3]     1.0097247  1.0353472
p.ind[83,3]     1.0111537  1.0329165
p.ind[84,3]     1.0104919  1.0376349
p.ind[85,3]     1.0118823  1.0374968
p.ind[86,3]     1.0118243  1.0375819
p.ind[87,3]     1.0110619  1.0327228
p.ind[88,3]     1.0116581  1.0365166
p.ind[89,3]     1.0094941  1.0347686
p.ind[90,3]     1.0096518  1.0351691
p.ind[91,3]     1.0097872  1.0354920
p.ind[92,3]     1.0086517  1.0324500
p.ind[93,3]     1.0164550  1.0536532
p.ind[94,3]     1.0042016  1.0146509
p.ind[95,3]     1.0093343  1.0343520
p.ind[96,3]     1.0086575  1.0324654
p.ind[97,3]     1.0091312  1.0279008
p.ind[98,3]     1.0035481  1.0136371
p.ind[99,3]     1.0054485  1.0210237
p.ind[100,3]    1.0116113  1.0363581
p.ind[101,3]    1.0077319  1.0296530
p.ind[102,3]    1.0167528  1.0538350
p.ind[103,3]    1.0099602  1.0365682
p.ind[104,3]    1.0104932  1.0374686
p.ind[105,3]    1.0110366  1.0326689
p.ind[106,3]    1.0117607  1.0368849
p.ind[107,3]    1.0063561  1.0231409
p.ind[108,3]    1.0054192  1.0178334
p.ind[109,3]    1.0099949  1.0356290
p.ind[110,3]    1.0037965  1.0152978
p.ind[1,4]      1.0182966  1.0441314
p.ind[2,4]      1.0179820  1.0434153
p.ind[3,4]      1.0178904  1.0433645
p.ind[4,4]      1.0182977  1.0441436
p.ind[5,4]      1.0172034  1.0419531
p.ind[6,4]      1.0178422  1.0432673
p.ind[7,4]      1.0179453  1.0434747
p.ind[8,4]      1.0162635  1.0399628
p.ind[9,4]      1.0145622  1.0362322
p.ind[10,4]     1.0159219  1.0392264
p.ind[11,4]     1.0150417  1.0372993
p.ind[12,4]     1.0143502  1.0357568
p.ind[13,4]     1.0152931  1.0378540
p.ind[14,4]     1.0136339  1.0341328
p.ind[15,4]     1.0132099  1.0331593
p.ind[16,4]     1.0125148  1.0315429
p.ind[17,4]     1.0133541  1.0334913
p.ind[18,4]     1.0116826  1.0295743
p.ind[19,4]     1.0182402  1.0439901
p.ind[20,4]     1.0178604  1.0433040
p.ind[21,4]     1.0177818  1.0431450
p.ind[22,4]     1.0181519  1.0438827
p.ind[23,4]     1.0150472  1.0371263
p.ind[24,4]     1.0089480  1.0289302
p.ind[25,4]     1.0075902  1.0231897
p.ind[26,4]     1.0079556  1.0254978
p.ind[27,4]     1.0078440  1.0252998
p.ind[28,4]     1.0077148  1.0250548
p.ind[29,4]     1.0080589  1.0200720
p.ind[30,4]     1.0080877  1.0198865
p.ind[31,4]     1.0080839  1.0199229
p.ind[32,4]     1.0079687  1.0189450
p.ind[33,4]     1.0080060  1.0190836
p.ind[34,4]     1.0080394  1.0192289
p.ind[35,4]     1.0080770  1.0194513
p.ind[36,4]     1.0079050  1.0187388
p.ind[37,4]     1.0076048  1.0179671
p.ind[38,4]     1.0133976  1.0335913
p.ind[39,4]     1.0169793  1.0414838
p.ind[40,4]     1.0083528  1.0261203
p.ind[41,4]     1.0115375  1.0328200
p.ind[42,4]     1.0169793  1.0414838
p.ind[43,4]     1.0135551  1.0339527
p.ind[44,4]     1.0063150  1.0194298
p.ind[45,4]     1.0048057  1.0150359
p.ind[46,4]     1.0037612  1.0115118
p.ind[47,4]     1.0035303  1.0110276
p.ind[48,4]     1.0027551  1.0094085
p.ind[49,4]     1.0027933  1.0094891
p.ind[50,4]     1.0029098  1.0100085
p.ind[51,4]     1.0107268  1.0299054
p.ind[52,4]     1.0175354  1.0407935
p.ind[53,4]     1.0101581  1.0289459
p.ind[54,4]     1.0104098  1.0294524
p.ind[55,4]     0.9998996  1.0019094
p.ind[56,4]     1.0064394  1.0197803
p.ind[57,4]     1.0020205  1.0070662
p.ind[58,4]     1.0028553  1.0103009
p.ind[59,4]     1.0071751  1.0218037
p.ind[60,4]     1.0028564  1.0107372
p.ind[61,4]     1.0004175  1.0032722
p.ind[62,4]     1.0015154  1.0058597
p.ind[63,4]     1.0075115  1.0277107
p.ind[64,4]     1.0117264  1.0332158
p.ind[65,4]     1.0041424  1.0123768
p.ind[66,4]     1.0027524  1.0103783
p.ind[67,4]     1.0087890  1.0266738
p.ind[68,4]     1.0084153  1.0262078
p.ind[69,4]     1.0094157  1.0271665
p.ind[70,4]     1.0068505  1.0211433
p.ind[71,4]     1.0027325  1.0090500
p.ind[72,4]     1.0018592  1.0066735
p.ind[73,4]     1.0040396  1.0121065
p.ind[74,4]     1.0071751  1.0218037
p.ind[75,4]     1.0092210  1.0242041
p.ind[76,4]     1.0097598  1.0268257
p.ind[77,4]     1.0058181  1.0218578
p.ind[78,4]     1.0075084  1.0246196
p.ind[79,4]     1.0028137  1.0121688
p.ind[80,4]     1.0074918  1.0275854
p.ind[81,4]     1.0074964  1.0276063
p.ind[82,4]     1.0134599  1.0363190
p.ind[83,4]     1.0131760  1.0320412
p.ind[84,4]     1.0080845  1.0247340
p.ind[85,4]     1.0066884  1.0246872
p.ind[86,4]     1.0060703  1.0226663
p.ind[87,4]     1.0124562  1.0305872
p.ind[88,4]     1.0073593  1.0270460
p.ind[89,4]     1.0128763  1.0354379
p.ind[90,4]     1.0133129  1.0361484
p.ind[91,4]     1.0134952  1.0362401
p.ind[92,4]     1.0095111  1.0252032
p.ind[93,4]     1.0075927  1.0229105
p.ind[94,4]     1.0078085  1.0261356
p.ind[95,4]     1.0124040  1.0345677
p.ind[96,4]     1.0093196  1.0245256
p.ind[97,4]     1.0261120  1.0579861
p.ind[98,4]     1.0008054  1.0050856
p.ind[99,4]     1.0038135  1.0116223
p.ind[100,4]    1.0073960  1.0271882
p.ind[101,4]    1.0082596  1.0259847
p.ind[102,4]    1.0093447  1.0271842
p.ind[103,4]    1.0090837  1.0287384
p.ind[104,4]    1.0072357  1.0221162
p.ind[105,4]    1.0122762  1.0302230
p.ind[106,4]    1.0072352  1.0265820
p.ind[107,4]    1.0074330  1.0270868
p.ind[108,4]    1.0056829  1.0180435
p.ind[109,4]    1.0044632  1.0141791
p.ind[110,4]    1.0000584  1.0015345

################################################################################
# Geweke Diagnostic
################################################################################

The Geweke diagnostic is a standard z-score, so we'd expect 5% to be outside +/-1.96
Number of variables outside +/-1.96 in each chain (out of 
639
):


       Chain 1 Chain 2 Chain 3
Geweke     284     159     108


And here are the Geweke diagnostics for all variables:

               chain1 chain2 chain3
deviance       -0.704 -0.328 -0.474
fac1.sig       -3.181 -2.364  1.002
ilr.cont1[1]   -2.108  2.415 -1.175
ilr.cont1[2]    3.139 -2.577  1.524
ilr.cont1[3]    2.964  0.244  1.308
ilr.fac1[1,1]  -0.200 -0.649  1.263
ilr.fac1[2,1]  -0.908 -0.127  2.118
ilr.fac1[3,1]   0.635  0.513 -1.199
ilr.fac1[4,1]   0.569  1.009 -1.555
ilr.fac1[5,1]  -1.017 -0.080 -0.453
ilr.fac1[6,1]   0.101 -2.159  0.584
ilr.fac1[7,1]  -1.080  0.309 -1.061
ilr.fac1[8,1]   1.593 -0.601  1.596
ilr.fac1[9,1]   0.119  2.067  1.540
ilr.fac1[10,1] -0.405  0.113  0.149
ilr.fac1[11,1] -0.035 -0.477 -0.476
ilr.fac1[1,2]   2.585  0.983 -0.728
ilr.fac1[2,2]   2.359  0.529 -1.216
ilr.fac1[3,2]   0.289 -1.300  1.696
ilr.fac1[4,2]   0.252 -1.000  2.272
ilr.fac1[5,2]   3.029  0.377  0.300
ilr.fac1[6,2]  -0.370 -0.003 -0.012
ilr.fac1[7,2]  -0.021 -0.784  2.943
ilr.fac1[8,2]  -0.793  0.192 -0.119
ilr.fac1[9,2]  -0.318 -1.888  1.079
ilr.fac1[10,2]  2.006  0.570  0.074
ilr.fac1[11,2]  1.740  0.837 -0.186
ilr.fac1[1,3]  -1.109  1.998 -1.931
ilr.fac1[2,3]   1.451 -0.157  0.425
ilr.fac1[3,3]  -2.142  1.530  1.946
ilr.fac1[4,3]   0.497  0.687  1.050
ilr.fac1[5,3]  -1.459  1.199 -0.867
ilr.fac1[6,3]  -1.159  1.285 -0.846
ilr.fac1[7,3]   0.330 -1.713 -0.355
ilr.fac1[8,3]   1.461  0.310  1.242
ilr.fac1[9,3]   0.062 -0.629 -0.717
ilr.fac1[10,3]  1.251 -1.674  1.334
ilr.fac1[11,3]  2.117 -0.071  1.886
ilr.global[1]   3.161  1.202 -1.631
ilr.global[2]  -3.224 -0.833  1.855
ilr.global[3]  -1.168 -1.589 -0.649
loglik[1]       0.210 -0.650 -0.426
loglik[2]       1.827 -2.035  0.066
loglik[3]       0.928 -0.966 -0.596
loglik[4]      -0.901  2.186 -0.050
loglik[5]       0.587 -1.935 -0.429
loglik[6]       0.467 -0.914 -0.716
loglik[7]      -0.113  1.288  0.242
loglik[8]      -0.746 -1.943  0.528
loglik[9]      -1.642 -1.367  0.896
loglik[10]     -2.066 -0.183  1.389
loglik[11]     -1.726  1.210  1.250
loglik[12]     -2.063  0.696  1.362
loglik[13]     -1.076 -1.740  0.413
loglik[14]      0.632 -1.339 -1.299
loglik[15]     -2.381  0.272  1.659
loglik[16]     -2.407 -0.237  1.674
loglik[17]     -1.702  0.482  1.277
loglik[18]      1.953  0.018 -1.676
loglik[19]      0.444 -0.220 -0.399
loglik[20]      0.748 -1.057 -0.669
loglik[21]      0.799 -0.094 -0.855
loglik[22]      0.170  0.249 -0.684
loglik[23]     -1.406 -0.704  0.341
loglik[24]      1.397 -1.211 -0.404
loglik[25]      0.979 -0.273  0.787
loglik[26]     -1.276 -0.868 -0.230
loglik[27]     -1.138  1.214 -0.319
loglik[28]     -1.293 -1.346 -0.307
loglik[29]     -1.922 -0.216 -0.616
loglik[30]     -2.670  0.927 -1.112
loglik[31]     -1.960  1.558 -1.488
loglik[32]     -1.153  0.879 -1.237
loglik[33]     -2.853  1.775 -1.336
loglik[34]     -1.941  0.295 -0.172
loglik[35]     -1.757  1.450 -1.243
loglik[36]     -1.659 -0.056 -0.740
loglik[37]     -2.122  1.276 -0.914
loglik[38]     -1.706 -1.800  0.469
loglik[39]     -1.467  1.266  1.020
loglik[40]      0.919 -1.080  0.440
loglik[41]     -1.239 -0.501  1.081
loglik[42]     -1.490  1.164  1.070
loglik[43]      0.125 -1.406 -0.462
loglik[44]     -0.140  0.474  1.553
loglik[45]     -1.432  0.388  0.573
loglik[46]      0.116 -0.570  1.777
loglik[47]     -2.658 -0.019  2.123
loglik[48]      1.027 -0.296  0.448
loglik[49]     -3.445  0.256  1.873
loglik[50]      0.525 -1.725  0.061
loglik[51]      0.775 -1.002 -1.326
loglik[52]      0.882  0.125 -1.163
loglik[53]      1.019 -1.692 -2.018
loglik[54]      1.308 -2.174 -1.322
loglik[55]      0.386 -0.930  0.047
loglik[56]     -0.327 -2.008 -0.847
loglik[57]      1.248 -0.059  1.988
loglik[58]      0.903 -1.078  0.460
loglik[59]      1.464  0.409  3.154
loglik[60]     -0.590  0.806 -1.153
loglik[61]      1.445 -0.941  2.755
loglik[62]      1.898 -1.179  1.692
loglik[63]      2.782 -0.540 -0.637
loglik[64]      0.599  1.367  0.427
loglik[65]     -0.175  0.952 -0.989
loglik[66]      0.674  0.891 -1.902
loglik[67]      0.856 -2.027  0.361
loglik[68]     -0.153  0.115  0.250
loglik[69]      1.130 -2.033 -0.066
loglik[70]     -0.391  0.416 -0.901
loglik[71]      0.236 -1.738  0.499
loglik[72]      0.544 -1.590  2.545
loglik[73]      0.136 -0.144 -0.323
loglik[74]      0.212  1.723  0.125
loglik[75]      2.311 -1.734 -0.009
loglik[76]     -1.502  1.084 -0.080
loglik[77]     -0.367 -0.764  0.708
loglik[78]     -0.409 -0.509  0.145
loglik[79]     -3.049 -0.931 -0.848
loglik[80]      2.564 -0.414 -0.650
loglik[81]      1.510 -0.398 -0.617
loglik[82]     -1.468 -0.568  0.622
loglik[83]     -0.343  0.415  1.214
loglik[84]     -0.137 -0.912  0.767
loglik[85]     -0.429 -0.889  0.917
loglik[86]     -0.362 -1.140  0.846
loglik[87]     -0.317  0.133  1.061
loglik[88]     -1.431  0.136  0.590
loglik[89]     -0.969 -0.616  0.737
loglik[90]     -0.712  2.447  1.221
loglik[91]      1.203  0.830  0.080
loglik[92]      2.128 -1.827 -0.052
loglik[93]      1.303  0.221  3.292
loglik[94]      2.455 -0.667  0.512
loglik[95]     -1.050 -0.874  0.761
loglik[96]     -1.606  1.755  0.618
loglik[97]      1.743  0.031 -1.117
loglik[98]      1.380  0.492  0.432
loglik[99]      2.192 -0.320 -0.169
loglik[100]    -1.156 -0.810  0.934
loglik[101]     0.793 -0.742  0.412
loglik[102]     0.125  2.014  0.175
loglik[103]     0.678 -0.388  0.978
loglik[104]     0.501  0.883 -0.447
loglik[105]     0.397  0.302 -1.548
loglik[106]    -0.383  0.495  0.602
loglik[107]     1.217  0.873  1.315
loglik[108]     0.715 -0.131  0.891
loglik[109]     1.277 -1.141  1.652
loglik[110]     2.421 -0.540  1.364
p.fac1[1,1]     1.350  0.915 -0.757
p.fac1[2,1]     1.239  0.283  0.186
p.fac1[3,1]     2.211 -0.198 -0.423
p.fac1[4,1]     2.066  0.109 -1.112
p.fac1[5,1]     1.781  0.613 -0.884
p.fac1[6,1]     0.418 -1.217 -0.811
p.fac1[7,1]     1.006 -0.496 -0.475
p.fac1[8,1]     2.385  0.165 -0.600
p.fac1[9,1]     1.418  0.720  0.426
p.fac1[10,1]    1.974  0.159 -0.307
p.fac1[11,1]    2.113  0.191 -1.195
p.fac1[1,2]    -2.840 -1.877  1.169
p.fac1[2,2]    -3.404 -2.304  0.725
p.fac1[3,2]    -3.634 -2.911  1.332
p.fac1[4,2]    -3.238 -2.860  1.542
p.fac1[5,2]    -3.821 -2.133  1.380
p.fac1[6,2]    -3.241 -2.354  0.766
p.fac1[7,2]    -3.043 -2.860  1.882
p.fac1[8,2]    -2.958 -2.178  1.166
p.fac1[9,2]    -3.018 -2.860  0.428
p.fac1[10,2]   -3.321 -2.723  0.939
p.fac1[11,2]   -3.706 -1.945  1.340
p.fac1[1,3]     2.124 -0.817 -3.471
p.fac1[2,3]     2.402 -0.547 -1.494
p.fac1[3,3]     2.367  0.501 -2.385
p.fac1[4,3]     3.267  0.081 -2.938
p.fac1[5,3]     2.205 -0.600 -3.373
p.fac1[6,3]     2.283  0.653 -0.909
p.fac1[7,3]     3.405  0.139 -3.263
p.fac1[8,3]     2.503  0.005 -1.973
p.fac1[9,3]     3.018  0.150 -2.357
p.fac1[10,3]    2.026 -0.681 -1.787
p.fac1[11,3]    4.267 -0.761 -1.449
p.fac1[1,4]     0.705  1.386  1.265
p.fac1[2,4]     0.031  1.487  0.442
p.fac1[3,4]     0.643  1.279 -0.143
p.fac1[4,4]    -0.011  2.232  0.415
p.fac1[5,4]     0.841  2.202  0.614
p.fac1[6,4]     0.496  1.758  0.718
p.fac1[7,4]     0.059  1.902  0.329
p.fac1[8,4]    -0.089  1.543  0.147
p.fac1[9,4]     0.340  2.035  0.530
p.fac1[10,4]   -0.003  1.801  0.117
p.fac1[11,4]   -0.098  1.759  0.018
p.global[1]     0.579 -0.042 -1.042
p.global[2]    -2.804 -2.593  1.130
p.global[3]     2.518 -0.176 -1.462
p.global[4]     0.286  1.565  0.483
p.ind[1,1]      1.194 -0.196 -0.226
p.ind[2,1]      0.662 -0.188 -0.150
p.ind[3,1]      1.855 -0.199 -0.345
p.ind[4,1]      1.274 -0.197 -0.239
p.ind[5,1]      2.215 -0.198 -0.424
p.ind[6,1]      1.888 -0.199 -0.352
p.ind[7,1]      1.814 -0.199 -0.337
p.ind[8,1]      2.552 -0.200 -0.446
p.ind[9,1]      2.936 -0.219 -0.540
p.ind[10,1]     2.645 -0.202 -0.467
p.ind[11,1]     2.835 -0.211 -0.516
p.ind[12,1]     2.979 -0.223 -0.550
p.ind[13,1]     2.778 -0.208 -0.503
p.ind[14,1]     2.347 -0.242 -0.583
p.ind[15,1]     2.382 -0.257 -0.601
p.ind[16,1]     2.438 -0.289 -0.627
p.ind[17,1]     2.370 -0.251 -0.595
p.ind[18,1]     2.507 -0.343 -0.654
p.ind[19,1]     0.995 -0.194 -0.201
p.ind[20,1]     1.876 -0.199 -0.349
p.ind[21,1]     1.927 -0.199 -0.360
p.ind[22,1]     1.616 -0.199 -0.299
p.ind[23,1]    -0.626 -0.143  0.034
p.ind[24,1]     2.057  0.117 -1.042
p.ind[25,1]    -0.268  0.268 -0.844
p.ind[26,1]     2.074  0.727  0.271
p.ind[27,1]     2.132  0.727  0.264
p.ind[28,1]     2.201  0.725  0.255
p.ind[29,1]     2.868 -1.875  0.798
p.ind[30,1]     3.784 -2.185  0.885
p.ind[31,1]     3.779 -2.128  0.868
p.ind[32,1]     3.823 -3.135  1.261
p.ind[33,1]     3.814 -3.048  1.213
p.ind[34,1]     3.815 -2.942  1.160
p.ind[35,1]     3.812 -2.742  1.073
p.ind[36,1]     3.816 -3.240  1.328
p.ind[37,1]     3.771 -3.478  1.866
p.ind[38,1]     2.366 -0.250 -0.593
p.ind[39,1]     2.302 -0.198 -0.445
p.ind[40,1]     1.868  0.727  0.331
p.ind[41,1]     1.857 -0.513 -0.905
p.ind[42,1]     2.302 -0.198 -0.445
p.ind[43,1]     2.353 -0.244 -0.586
p.ind[44,1]    -1.059  1.126 -0.611
p.ind[45,1]    -1.366  1.174 -0.530
p.ind[46,1]     1.514  0.202 -1.083
p.ind[47,1]     1.343  0.206 -1.049
p.ind[48,1]     0.858  0.218 -1.007
p.ind[49,1]     0.881  0.217 -1.012
p.ind[50,1]     1.193  0.622 -0.820
p.ind[51,1]     1.044  0.915 -0.731
p.ind[52,1]    -1.092  0.352  0.547
p.ind[53,1]     0.200  0.998 -0.761
p.ind[54,1]     0.356  0.984 -0.774
p.ind[55,1]    -1.840  0.691 -0.289
p.ind[56,1]    -1.029  1.122 -0.617
p.ind[57,1]    -0.074  0.594 -0.612
p.ind[58,1]     1.684  0.615 -0.870
p.ind[59,1]    -0.842  1.099 -0.649
p.ind[60,1]    -1.660  0.180  0.159
p.ind[61,1]    -1.412  0.655 -0.396
p.ind[62,1]    -0.521  0.609 -0.550
p.ind[63,1]     2.883  0.134 -0.691
p.ind[64,1]     1.790 -0.506 -0.868
p.ind[65,1]     2.680  0.133 -1.305
p.ind[66,1]     1.923  0.609 -0.904
p.ind[67,1]     1.623  0.723  0.402
p.ind[68,1]     1.834  0.726  0.336
p.ind[69,1]     1.153  0.716  0.455
p.ind[70,1]    -0.679  0.122 -0.060
p.ind[71,1]     0.782  0.636 -0.733
p.ind[72,1]    -0.223  0.599 -0.590
p.ind[73,1]     1.764  0.198 -1.131
p.ind[74,1]    -0.842  1.099 -0.649
p.ind[75,1]    -0.418  0.737  0.612
p.ind[76,1]     0.546  0.716  0.516
p.ind[77,1]     0.897  0.207 -0.467
p.ind[78,1]     2.317  0.719  0.242
p.ind[79,1]    -3.356 -0.757 -0.545
p.ind[80,1]     2.666  0.155 -0.641
p.ind[81,1]     2.690  0.154 -0.644
p.ind[82,1]     0.810 -0.499 -0.387
p.ind[83,1]    -1.388  0.387  0.630
p.ind[84,1]     0.062  0.235 -0.898
p.ind[85,1]     1.522  0.190 -0.533
p.ind[86,1]     1.062  0.202 -0.501
p.ind[87,1]    -1.432  0.393  0.644
p.ind[88,1]     2.300  0.168 -0.588
p.ind[89,1]     1.297 -0.493 -0.612
p.ind[90,1]     0.998 -0.496 -0.471
p.ind[91,1]     0.595 -0.503 -0.296
p.ind[92,1]    -0.151  0.728  0.584
p.ind[93,1]    -0.729  1.086 -0.666
p.ind[94,1]     1.725  0.148 -0.274
p.ind[95,1]     1.523 -0.494 -0.726
p.ind[96,1]    -0.339  0.734  0.604
p.ind[97,1]     0.286  0.294  0.304
p.ind[98,1]    -2.045  0.242  0.324
p.ind[99,1]     1.556  0.202 -1.091
p.ind[100,1]    2.374  0.166 -0.599
p.ind[101,1]    1.917  0.727  0.325
p.ind[102,1]   -0.168  1.031 -0.728
p.ind[103,1]    1.559  0.133 -1.089
p.ind[104,1]   -0.469  0.290 -0.807
p.ind[105,1]   -1.442  0.395  0.647
p.ind[106,1]    2.098  0.173 -0.560
p.ind[107,1]   -0.462 -0.848 -0.729
p.ind[108,1]   -0.994  0.134  0.023
p.ind[109,1]   -1.544  0.465 -0.538
p.ind[110,1]   -2.212  0.610  1.056
p.ind[1,2]     -2.715 -2.806  1.502
p.ind[2,2]     -2.083 -2.969  1.521
p.ind[3,2]     -2.965 -3.080  1.355
p.ind[4,2]     -2.799 -2.780  1.395
p.ind[5,2]     -3.637 -2.908  1.332
p.ind[6,2]     -2.977 -3.065  1.353
p.ind[7,2]     -2.950 -2.591  1.358
p.ind[8,2]     -3.798 -2.725  1.313
p.ind[9,2]     -3.905 -2.316  1.294
p.ind[10,2]    -3.766 -2.556  1.308
p.ind[11,2]    -3.861 -2.401  1.298
p.ind[12,2]    -3.922 -2.278  1.292
p.ind[13,2]    -3.836 -2.445  1.301
p.ind[14,2]    -3.975 -2.147  1.286
p.ind[15,2]    -4.002 -2.173  1.283
p.ind[16,2]    -4.039 -2.033  1.277
p.ind[17,2]    -3.993 -2.094  1.284
p.ind[18,2]    -4.075 -1.849  1.050
p.ind[19,2]    -2.494 -2.868  1.509
p.ind[20,2]    -2.973 -3.071  1.354
p.ind[21,2]    -2.991 -3.048  1.351
p.ind[22,2]    -2.862 -2.664  1.372
p.ind[23,2]    -0.211 -3.534  1.796
p.ind[24,2]    -2.945 -3.088  1.595
p.ind[25,2]    -0.070 -3.784  2.462
p.ind[26,2]    -3.450 -2.542  0.377
p.ind[27,2]    -3.481 -2.508  0.371
p.ind[28,2]    -3.516 -2.465  0.363
p.ind[29,2]    -4.008  0.382 -0.368
p.ind[30,2]    -3.998  0.595 -0.449
p.ind[31,2]    -4.000  0.556 -0.434
p.ind[32,2]    -3.902  1.275 -0.782
p.ind[33,2]    -3.919  1.201 -0.742
p.ind[34,2]    -3.936  1.115 -0.696
p.ind[35,2]    -3.961  0.963 -0.620
p.ind[36,2]    -3.876  1.373 -0.839
p.ind[37,2]    -3.752  1.644 -1.012
p.ind[38,2]    -3.990 -2.103  1.284
p.ind[39,2]    -3.683 -2.862  1.327
p.ind[40,2]    -3.329 -2.656  0.395
p.ind[41,2]    -3.497 -2.445  1.841
p.ind[42,2]    -3.683 -2.862  1.327
p.ind[43,2]    -3.980 -2.133  1.286
p.ind[44,2]     1.431 -3.584  1.296
p.ind[45,2]     1.900 -3.632  1.251
p.ind[46,2]    -3.075 -2.179  1.222
p.ind[47,2]    -2.821 -2.240  1.261
p.ind[48,2]    -1.930 -2.402  1.295
p.ind[49,2]    -1.976 -2.394  1.293
p.ind[50,2]    -3.389 -2.692  1.264
p.ind[51,2]    -2.530 -2.080  1.171
p.ind[52,2]     0.799 -3.244  0.967
p.ind[53,2]    -1.096 -2.583  1.432
p.ind[54,2]    -1.419 -2.495  1.440
p.ind[55,2]     1.537 -3.621  1.543
p.ind[56,2]     1.383 -3.578  1.302
p.ind[57,2]    -1.208 -3.355  1.741
p.ind[58,2]    -3.741 -2.175  1.383
p.ind[59,2]     1.069 -3.530  1.334
p.ind[60,2]     1.913 -3.766  1.245
p.ind[61,2]     1.053 -3.583  1.659
p.ind[62,2]    -0.243 -3.446  1.711
p.ind[63,2]    -3.368 -2.088  0.941
p.ind[64,2]    -3.467 -2.489  1.846
p.ind[65,2]    -4.254 -1.382  1.402
p.ind[66,2]    -3.924 -2.070  1.377
p.ind[67,2]    -3.166 -2.773  0.414
p.ind[68,2]    -3.308 -2.672  0.398
p.ind[69,2]    -2.793 -2.961  0.443
p.ind[70,2]     0.772 -3.590  1.326
p.ind[71,2]    -2.990 -3.139  1.362
p.ind[72,2]    -0.879 -3.387  1.733
p.ind[73,2]    -3.384 -2.086  1.335
p.ind[74,2]     1.069 -3.530  1.334
p.ind[75,2]    -1.140 -3.889  0.627
p.ind[76,2]    -2.277 -3.162  0.619
p.ind[77,2]    -1.624 -2.644  1.194
p.ind[78,2]    -3.569 -2.388  0.350
p.ind[79,2]     1.352 -3.134  0.993
p.ind[80,2]    -3.122 -2.238  1.159
p.ind[81,2]    -3.135 -2.229  1.158
p.ind[82,2]    -2.887 -2.931  2.297
p.ind[83,2]     1.515 -3.331  0.929
p.ind[84,2]    -0.549 -3.708  2.075
p.ind[85,2]    -2.287 -2.502  1.184
p.ind[86,2]    -1.813 -2.599  1.191
p.ind[87,2]     1.606 -3.341  0.921
p.ind[88,2]    -2.904 -2.213  1.168
p.ind[89,2]    -3.215 -2.744  1.873
p.ind[90,2]    -3.036 -2.863  1.882
p.ind[91,2]    -2.689 -3.003  2.283
p.ind[92,2]    -1.483 -3.825  0.627
p.ind[93,2]     0.862 -3.495  1.350
p.ind[94,2]    -3.397 -2.842  0.957
p.ind[95,2]    -3.340 -2.639  1.863
p.ind[96,2]    -1.245 -3.870  0.627
p.ind[97,2]    -2.410 -2.151  0.821
p.ind[98,2]     2.136 -3.784  1.105
p.ind[99,2]    -3.133 -2.164  1.220
p.ind[100,2]   -2.952 -2.182  1.167
p.ind[101,2]   -3.359 -2.630  0.391
p.ind[102,2]   -0.298 -2.953  1.409
p.ind[103,2]   -2.689 -3.280  1.646
p.ind[104,2]    0.213 -3.554  2.429
p.ind[105,2]    1.627 -3.343  0.919
p.ind[106,2]   -2.764 -2.292  1.173
p.ind[107,2]   -2.515 -2.858  0.783
p.ind[108,2]    1.334 -3.677  1.366
p.ind[109,2]    1.576 -3.603  2.185
p.ind[110,2]    2.885 -2.517  0.594
p.ind[1,3]      2.569  0.528 -2.405
p.ind[2,3]      2.373  0.546 -2.412
p.ind[3,3]      2.463  0.511 -2.394
p.ind[4,3]      2.560  0.526 -2.404
p.ind[5,3]      2.365  0.501 -2.385
p.ind[6,3]      2.455  0.510 -2.393
p.ind[7,3]      2.472  0.512 -2.395
p.ind[8,3]      2.247  0.489 -2.375
p.ind[9,3]      2.043  0.465 -2.354
p.ind[10,3]     2.206  0.485 -2.371
p.ind[11,3]     2.100  0.473 -2.361
p.ind[12,3]     2.019  0.462 -2.351
p.ind[13,3]     2.130  0.476 -2.364
p.ind[14,3]     1.935  0.448 -2.339
p.ind[15,3]     1.886  0.439 -2.330
p.ind[16,3]     1.808  0.421 -2.314
p.ind[17,3]     1.903  0.442 -2.333
p.ind[18,3]     1.717  0.394 -2.290
p.ind[19,3]     2.588  0.533 -2.408
p.ind[20,3]     2.458  0.511 -2.393
p.ind[21,3]     2.446  0.509 -2.392
p.ind[22,3]     2.511  0.518 -2.398
p.ind[23,3]     2.367  0.587 -2.422
p.ind[24,3]     3.361  0.095 -3.025
p.ind[25,3]     3.384  0.197 -3.078
p.ind[26,3]     2.850  0.161 -2.352
p.ind[27,3]     2.830  0.162 -2.351
p.ind[28,3]     2.805  0.162 -2.349
p.ind[29,3]     2.588 -0.654 -1.386
p.ind[30,3]     2.642 -0.766 -1.258
p.ind[31,3]     2.636 -0.744 -1.283
p.ind[32,3]     2.762 -1.260 -0.695
p.ind[33,3]     2.748 -1.199 -0.771
p.ind[34,3]     2.733 -1.131 -0.854
p.ind[35,3]     2.706 -1.021 -0.987
p.ind[36,3]     2.779 -1.355 -0.588
p.ind[37,3]     2.821 -1.636 -0.236
p.ind[38,3]     1.908  0.443 -2.334
p.ind[39,3]     2.336  0.498 -2.383
p.ind[40,3]     2.914  0.158 -2.356
p.ind[41,3]     3.103  0.094 -3.272
p.ind[42,3]     2.336  0.498 -2.383
p.ind[43,3]     1.926  0.446 -2.337
p.ind[44,3]     0.961 -0.371 -3.423
p.ind[45,3]     0.386 -0.256 -3.296
p.ind[46,3]     4.386 -0.973 -1.438
p.ind[47,3]     4.379 -0.961 -1.434
p.ind[48,3]     4.538 -0.925 -1.393
p.ind[49,3]     4.555 -0.926 -1.394
p.ind[50,3]     2.347 -0.590 -3.406
p.ind[51,3]     2.170 -0.771 -3.562
p.ind[52,3]     2.699 -0.432 -1.997
p.ind[53,3]     2.144 -0.645 -3.731
p.ind[54,3]     2.184 -0.670 -3.724
p.ind[55,3]     1.229 -0.437 -2.388
p.ind[56,3]     1.008 -0.380 -3.431
p.ind[57,3]     2.573 -0.529 -2.644
p.ind[58,3]     2.241 -0.598 -3.385
p.ind[59,3]     1.282 -0.432 -3.478
p.ind[60,3]     0.722 -0.708 -1.970
p.ind[61,3]     1.726 -0.525 -2.472
p.ind[62,3]     2.367 -0.500 -2.619
p.ind[63,3]     2.432 -0.008 -1.960
p.ind[64,3]     3.134  0.100 -3.273
p.ind[65,3]     2.358 -0.797 -1.446
p.ind[66,3]     2.147 -0.531 -3.350
p.ind[67,3]     2.976  0.153 -2.357
p.ind[68,3]     2.923  0.157 -2.356
p.ind[69,3]     3.061  0.147 -2.356
p.ind[70,3]     2.259 -0.755 -2.052
p.ind[71,3]     2.442 -0.570 -3.377
p.ind[72,3]     2.512 -0.520 -2.637
p.ind[73,3]     4.362 -0.760 -1.443
p.ind[74,3]     1.282 -0.432 -3.478
p.ind[75,3]     3.129  0.152 -2.337
p.ind[76,3]     3.121  0.144 -2.351
p.ind[77,3]     3.138  0.029 -1.940
p.ind[78,3]     2.761  0.162 -2.344
p.ind[79,3]     2.907  0.791 -0.977
p.ind[80,3]     2.473  0.000 -1.970
p.ind[81,3]     2.470  0.000 -1.970
p.ind[82,3]     3.449  0.146 -3.257
p.ind[83,3]     2.046 -0.409 -2.011
p.ind[84,3]     3.177  0.177 -3.080
p.ind[85,3]     2.632  0.018 -1.961
p.ind[86,3]     3.153  0.026 -1.946
p.ind[87,3]     1.928 -0.404 -2.031
p.ind[88,3]     2.511  0.006 -1.973
p.ind[89,3]     3.323  0.127 -3.270
p.ind[90,3]     3.407  0.139 -3.263
p.ind[91,3]     3.489  0.154 -3.250
p.ind[92,3]     3.137  0.148 -2.342
p.ind[93,3]     1.430 -0.461 -3.501
p.ind[94,3]     2.095 -0.697 -1.835
p.ind[95,3]     3.245  0.116 -3.273
p.ind[96,3]     3.132  0.151 -2.339
p.ind[97,3]     2.539 -0.547 -1.768
p.ind[98,3]    -0.337 -0.630 -1.792
p.ind[99,3]     4.385 -0.976 -1.439
p.ind[100,3]    2.504  0.005 -1.973
p.ind[101,3]    2.899  0.158 -2.355
p.ind[102,3]    1.966 -0.581 -3.725
p.ind[103,3]    3.393  0.111 -3.049
p.ind[104,3]    3.286  0.211 -3.074
p.ind[105,3]    1.898 -0.448 -2.030
p.ind[106,3]    2.530  0.009 -1.972
p.ind[107,3]    2.498  0.696 -0.942
p.ind[108,3]    1.894 -0.749 -2.042
p.ind[109,3]    2.526  0.313 -3.005
p.ind[110,3]   -1.449 -0.088 -1.461
p.ind[1,4]      0.127  1.378 -0.131
p.ind[2,4]     -0.107  1.426 -0.125
p.ind[3,4]      0.443  1.316 -0.135
p.ind[4,4]      0.163  1.371 -0.132
p.ind[5,4]      0.646  1.279 -0.144
p.ind[6,4]      0.461  1.313 -0.135
p.ind[7,4]      0.422  1.320 -0.134
p.ind[8,4]      0.852  1.235 -0.153
p.ind[9,4]      1.023  1.190 -0.168
p.ind[10,4]     0.920  1.225 -0.160
p.ind[11,4]     1.084  1.202 -0.166
p.ind[12,4]     1.051  1.207 -0.169
p.ind[13,4]     1.038  1.208 -0.164
p.ind[14,4]     1.433  1.191 -0.172
p.ind[15,4]     1.518  1.182 -0.173
p.ind[16,4]     1.658  1.373 -0.174
p.ind[17,4]     1.489  1.185 -0.173
p.ind[18,4]     1.830  1.323 -0.173
p.ind[19,4]     0.039  1.396 -0.128
p.ind[20,4]     0.454  1.314 -0.135
p.ind[21,4]     0.482  1.309 -0.136
p.ind[22,4]     0.323  1.339 -0.130
p.ind[23,4]    -0.733  1.625 -0.154
p.ind[24,4]    -0.351  2.307  0.454
p.ind[25,4]    -1.707  2.341  0.560
p.ind[26,4]     0.816  1.878  0.461
p.ind[27,4]     0.867  1.857  0.454
p.ind[28,4]     0.928  1.831  0.446
p.ind[29,4]     3.129  0.746  0.276
p.ind[30,4]     3.184  0.698  0.284
p.ind[31,4]     3.174  0.707  0.282
p.ind[32,4]     3.335  0.567  0.466
p.ind[33,4]     3.322  0.606  0.463
p.ind[34,4]     3.306  0.649  0.461
p.ind[35,4]     3.275  0.594  0.457
p.ind[36,4]     3.350  0.514  0.469
p.ind[37,4]     3.374  0.343  0.480
p.ind[38,4]     1.480  1.186 -0.172
p.ind[39,4]     0.699  1.269 -0.146
p.ind[40,4]     0.644  1.942  0.484
p.ind[41,4]     0.806  1.702  0.326
p.ind[42,4]     0.699  1.269 -0.146
p.ind[43,4]     1.448  1.190 -0.172
p.ind[44,4]    -2.282  1.482  1.588
p.ind[45,4]    -2.870  2.242  1.556
p.ind[46,4]    -0.708  1.855  0.056
p.ind[47,4]    -0.885  1.885  0.064
p.ind[48,4]    -1.414  1.976  0.075
p.ind[49,4]    -1.389  1.972  0.075
p.ind[50,4]     0.521  2.262  0.572
p.ind[51,4]     0.391  1.429  1.287
p.ind[52,4]    -1.481  1.817  0.537
p.ind[53,4]    -0.493  1.311  1.448
p.ind[54,4]    -0.322  1.302  1.420
p.ind[55,4]    -1.435  2.334  0.589
p.ind[56,4]    -2.232  1.477  1.589
p.ind[57,4]    -0.389  2.377  0.633
p.ind[58,4]     0.770  2.215  0.622
p.ind[59,4]    -1.932  1.443  1.584
p.ind[60,4]    -2.437  3.643  0.070
p.ind[61,4]    -1.132  2.610  0.629
p.ind[62,4]    -0.627  2.897  0.642
p.ind[63,4]     0.464  1.692  0.118
p.ind[64,4]     0.744  1.710  0.331
p.ind[65,4]     0.799  1.838 -0.055
p.ind[66,4]     0.946  2.183  0.603
p.ind[67,4]     0.470  1.999  0.510
p.ind[68,4]     0.619  1.951  0.488
p.ind[69,4]     0.185  2.073  0.554
p.ind[70,4]    -1.764  2.223  0.188
p.ind[71,4]     0.092  2.340  0.601
p.ind[72,4]    -0.467  2.659  0.637
p.ind[73,4]    -0.391  1.813  0.042
p.ind[74,4]    -1.932  1.443  1.584
p.ind[75,4]    -0.635  1.934  0.671
p.ind[76,4]    -0.135  1.881  0.650
p.ind[77,4]    -0.696  1.638  0.202
p.ind[78,4]     1.037  1.781  0.439
p.ind[79,4]    -1.699  1.865  0.857
p.ind[80,4]     0.150  1.522  0.135
p.ind[81,4]     0.171  1.521  0.133
p.ind[82,4]    -0.109  1.950  0.349
p.ind[83,4]    -2.306  1.882  0.519
p.ind[84,4]    -1.512  2.351  0.554
p.ind[85,4]    -0.775  1.603  0.183
p.ind[86,4]    -0.632  1.626  0.198
p.ind[87,4]    -2.541  1.894  0.513
p.ind[88,4]    -0.159  1.549  0.151
p.ind[89,4]     0.308  1.793  0.300
p.ind[90,4]     0.052  1.904  0.330
p.ind[91,4]    -0.293  2.005  0.411
p.ind[92,4]    -0.490  1.916  0.668
p.ind[93,4]    -1.759  1.423  1.577
p.ind[94,4]    -0.249  1.821  0.133
p.ind[95,4]     0.505  1.749  0.278
p.ind[96,4]    -0.591  1.928  0.671
p.ind[97,4]    -0.567  1.759  0.527
p.ind[98,4]    -2.694  3.117 -0.115
p.ind[99,4]    -0.665  1.848  0.054
p.ind[100,4]   -0.097  1.544  0.148
p.ind[101,4]    0.682  1.928  0.479
p.ind[102,4]   -0.921  1.342  1.509
p.ind[103,4]   -0.662  2.346  0.488
p.ind[104,4]   -1.830  2.335  0.561
p.ind[105,4]   -2.559  1.897  0.511
p.ind[106,4]   -0.322  1.564  0.160
p.ind[107,4]    0.115  1.786  0.775
p.ind[108,4]   -2.026  2.320  0.172
p.ind[109,4]   -2.651  2.305  0.515
p.ind[110,4]   -5.506  1.942 -0.132
