
################################################################################
# Gelman-Rubin Diagnostic
################################################################################

Generally the Gelman diagnostic should be < 1.05


Out of 272 variables: 2 > 1.01

                      
0 > 1.05

                      
0 > 1.1


The worst variables are:

              Point est. Upper C.I.
loglik[88]      1.016556   1.027158
p.fac2[11,4]    1.010599   1.031914
loglik[71]      1.009471   1.017979
ilr.fac1[6,1]   1.007761   1.026165
p.fac2[19,4]    1.007697   1.024160
p.fac2[14,4]    1.007124   1.022057
loglik[79]      1.007085   1.009340
loglik[15]      1.006767   1.023728
loglik[29]      1.006215   1.022719
p.fac2[4,4]     1.006063   1.019549


And here are the Gelman diagnostics for all variables:

               Point est. Upper C.I.
deviance        1.0025527  1.0081229
fac1.sig        0.9997490  1.0013209
fac2.sig        1.0018516  1.0053392
ilr.fac1[1,1]   0.9994130  1.0000229
ilr.fac1[2,1]   1.0041391  1.0170781
ilr.fac1[3,1]   1.0020701  1.0057254
ilr.fac1[4,1]   1.0015508  1.0043781
ilr.fac1[5,1]   1.0001832  1.0024703
ilr.fac1[6,1]   1.0077606  1.0261655
ilr.fac1[1,2]   1.0045742  1.0149265
ilr.fac1[2,2]   1.0004453  1.0025007
ilr.fac1[3,2]   1.0009518  1.0036687
ilr.fac1[4,2]   1.0028607  1.0072617
ilr.fac1[5,2]   1.0004308  1.0026618
ilr.fac1[6,2]   1.0017356  1.0032412
ilr.fac1[1,3]   1.0007259  1.0027364
ilr.fac1[2,3]   1.0012835  1.0018498
ilr.fac1[3,3]   1.0021164  1.0096565
ilr.fac1[4,3]   1.0025280  1.0035039
ilr.fac1[5,3]   0.9993144  1.0000493
ilr.fac1[6,3]   1.0014791  1.0023015
ilr.fac2[1,1]   1.0016010  1.0058776
ilr.fac2[2,1]   1.0003428  1.0027624
ilr.fac2[3,1]   1.0000459  1.0000824
ilr.fac2[4,1]   1.0037169  1.0154139
ilr.fac2[5,1]   1.0009926  1.0024896
ilr.fac2[6,1]   1.0019059  1.0040828
ilr.fac2[7,1]   1.0002452  1.0025937
ilr.fac2[8,1]   1.0003477  1.0019745
ilr.fac2[9,1]   1.0004201  1.0035024
ilr.fac2[10,1]  1.0018800  1.0070736
ilr.fac2[11,1]  1.0003469  1.0006049
ilr.fac2[12,1]  1.0005597  1.0023275
ilr.fac2[13,1]  1.0005537  1.0023681
ilr.fac2[14,1]  1.0007385  1.0038397
ilr.fac2[15,1]  1.0023238  1.0065679
ilr.fac2[16,1]  1.0045661  1.0162778
ilr.fac2[17,1]  1.0043109  1.0071513
ilr.fac2[18,1]  1.0021662  1.0030196
ilr.fac2[19,1]  1.0048279  1.0079794
ilr.fac2[1,2]   0.9995033  0.9998704
ilr.fac2[2,2]   1.0007342  1.0031669
ilr.fac2[3,2]   1.0003176  1.0020242
ilr.fac2[4,2]   0.9994824  0.9995664
ilr.fac2[5,2]   1.0003067  1.0028827
ilr.fac2[6,2]   0.9997341  1.0007106
ilr.fac2[7,2]   1.0023237  1.0051376
ilr.fac2[8,2]   1.0007602  1.0019844
ilr.fac2[9,2]   0.9998556  1.0002145
ilr.fac2[10,2]  1.0001526  1.0020394
ilr.fac2[11,2]  1.0014502  1.0070225
ilr.fac2[12,2]  1.0004559  1.0043336
ilr.fac2[13,2]  0.9996988  1.0013355
ilr.fac2[14,2]  1.0010504  1.0058877
ilr.fac2[15,2]  0.9993625  0.9999475
ilr.fac2[16,2]  1.0009014  1.0045097
ilr.fac2[17,2]  1.0010399  1.0048310
ilr.fac2[18,2]  1.0000581  1.0008631
ilr.fac2[19,2]  1.0008611  1.0044129
ilr.fac2[1,3]   1.0023460  1.0110110
ilr.fac2[2,3]   1.0012338  1.0051077
ilr.fac2[3,3]   1.0040166  1.0092059
ilr.fac2[4,3]   1.0014961  1.0038505
ilr.fac2[5,3]   1.0052015  1.0205768
ilr.fac2[6,3]   0.9994981  0.9999066
ilr.fac2[7,3]   0.9999114  1.0000839
ilr.fac2[8,3]   0.9996903  0.9999487
ilr.fac2[9,3]   0.9991685  0.9992512
ilr.fac2[10,3]  0.9995273  0.9995887
ilr.fac2[11,3]  1.0040240  1.0169597
ilr.fac2[12,3]  1.0016024  1.0016063
ilr.fac2[13,3]  1.0030525  1.0048527
ilr.fac2[14,3]  1.0024103  1.0102717
ilr.fac2[15,3]  1.0010396  1.0036206
ilr.fac2[16,3]  1.0056365  1.0222729
ilr.fac2[17,3]  1.0036438  1.0148345
ilr.fac2[18,3]  1.0007719  1.0009858
ilr.fac2[19,3]  1.0004919  1.0039628
loglik[1]       1.0018935  1.0086703
loglik[2]       1.0042118  1.0168649
loglik[3]       1.0038396  1.0117813
loglik[4]       1.0011290  1.0061185
loglik[5]       0.9995459  1.0007155
loglik[6]       0.9994098  1.0003069
loglik[7]       0.9993155  0.9999202
loglik[8]       1.0037701  1.0114096
loglik[9]       1.0020163  1.0057391
loglik[10]      1.0004475  1.0024644
loglik[11]      1.0013678  1.0030310
loglik[12]      1.0013432  1.0032413
loglik[13]      0.9998492  1.0001030
loglik[14]      1.0029100  1.0042102
loglik[15]      1.0067674  1.0237277
loglik[16]      1.0017128  1.0061310
loglik[17]      1.0033706  1.0115438
loglik[18]      1.0017119  1.0079154
loglik[19]      1.0032388  1.0122281
loglik[20]      1.0006161  1.0042197
loglik[21]      1.0003976  1.0017131
loglik[22]      1.0030240  1.0090805
loglik[23]      1.0012680  1.0061130
loglik[24]      1.0004715  1.0042803
loglik[25]      1.0010930  1.0036655
loglik[26]      1.0018354  1.0045607
loglik[27]      1.0015065  1.0068819
loglik[28]      1.0026236  1.0116774
loglik[29]      1.0062146  1.0227189
loglik[30]      0.9999773  1.0004435
loglik[31]      1.0009590  1.0056026
loglik[32]      1.0015928  1.0083553
loglik[33]      1.0031588  1.0108151
loglik[34]      1.0023510  1.0080192
loglik[35]      0.9994463  0.9996567
loglik[36]      1.0006934  1.0040588
loglik[37]      0.9996488  1.0013738
loglik[38]      1.0000249  1.0026713
loglik[39]      1.0001926  1.0026748
loglik[40]      1.0014661  1.0074397
loglik[41]      1.0012021  1.0067436
loglik[42]      1.0017224  1.0060549
loglik[43]      1.0004181  1.0035748
loglik[44]      1.0018389  1.0043675
loglik[45]      1.0001575  1.0028476
loglik[46]      1.0020012  1.0095074
loglik[47]      1.0024494  1.0078821
loglik[48]      1.0038515  1.0154337
loglik[49]      1.0012507  1.0060897
loglik[50]      1.0002788  1.0025698
loglik[51]      1.0014984  1.0053629
loglik[52]      1.0016934  1.0056844
loglik[53]      1.0014663  1.0079661
loglik[54]      0.9999396  1.0022456
loglik[55]      0.9994326  0.9997967
loglik[56]      0.9995745  1.0006588
loglik[57]      0.9992629  0.9997769
loglik[58]      1.0011512  1.0065682
loglik[59]      0.9998735  1.0017678
loglik[60]      1.0006133  1.0024494
loglik[61]      1.0007514  1.0052297
loglik[62]      0.9996466  1.0000495
loglik[63]      1.0027083  1.0076163
loglik[64]      1.0031132  1.0105135
loglik[65]      1.0042454  1.0133003
loglik[66]      1.0008806  1.0058941
loglik[67]      1.0008420  1.0057464
loglik[68]      1.0018998  1.0072959
loglik[69]      0.9993725  0.9997357
loglik[70]      1.0004466  1.0029903
loglik[71]      1.0094706  1.0179794
loglik[72]      1.0013125  1.0050579
loglik[73]      0.9994811  1.0001185
loglik[74]      1.0022767  1.0098732
loglik[75]      1.0033186  1.0140608
loglik[76]      0.9997184  0.9999447
loglik[77]      1.0036108  1.0049178
loglik[78]      1.0038474  1.0055258
loglik[79]      1.0070848  1.0093399
loglik[80]      1.0048607  1.0110881
loglik[81]      1.0037375  1.0137691
loglik[82]      1.0012791  1.0015061
loglik[83]      0.9999405  1.0002480
loglik[84]      1.0020482  1.0039101
loglik[85]      1.0011189  1.0042398
loglik[86]      1.0009927  1.0024223
loglik[87]      1.0014853  1.0062161
loglik[88]      1.0165558  1.0271575
loglik[89]      1.0006011  1.0041472
loglik[90]      1.0026442  1.0075945
p.fac1[1,1]     1.0005354  1.0034453
p.fac1[2,1]     1.0020543  1.0070977
p.fac1[3,1]     0.9994154  1.0000995
p.fac1[4,1]     1.0009826  1.0056053
p.fac1[5,1]     1.0007014  1.0050429
p.fac1[6,1]     1.0011413  1.0032564
p.fac1[1,2]     1.0019467  1.0049528
p.fac1[2,2]     1.0016288  1.0033470
p.fac1[3,2]     1.0005655  1.0023324
p.fac1[4,2]     1.0015656  1.0045306
p.fac1[5,2]     1.0016108  1.0042555
p.fac1[6,2]     0.9995197  0.9997958
p.fac1[1,3]     1.0052689  1.0162215
p.fac1[2,3]     0.9991288  0.9994054
p.fac1[3,3]     1.0001462  1.0001509
p.fac1[4,3]     0.9999081  0.9999324
p.fac1[5,3]     0.9999455  1.0008295
p.fac1[6,3]     0.9996251  1.0008926
p.fac1[1,4]     1.0036485  1.0146370
p.fac1[2,4]     1.0038069  1.0155363
p.fac1[3,4]     1.0030863  1.0102677
p.fac1[4,4]     1.0045190  1.0171634
p.fac1[5,4]     1.0040738  1.0157367
p.fac1[6,4]     1.0041061  1.0149785
p.fac2[1,1]     0.9997876  1.0009934
p.fac2[2,1]     1.0009131  1.0029618
p.fac2[3,1]     1.0018116  1.0054202
p.fac2[4,1]     1.0015363  1.0080964
p.fac2[5,1]     0.9991529  0.9993233
p.fac2[6,1]     0.9998502  1.0012022
p.fac2[7,1]     0.9999132  1.0021729
p.fac2[8,1]     1.0021002  1.0103449
p.fac2[9,1]     1.0020601  1.0076707
p.fac2[10,1]    1.0003540  1.0028493
p.fac2[11,1]    1.0012617  1.0063339
p.fac2[12,1]    0.9992484  0.9995844
p.fac2[13,1]    0.9996771  1.0003194
p.fac2[14,1]    0.9994269  0.9997810
p.fac2[15,1]    0.9997607  1.0006404
p.fac2[16,1]    1.0003585  1.0013107
p.fac2[17,1]    0.9997749  1.0012746
p.fac2[18,1]    0.9998295  1.0008374
p.fac2[19,1]    0.9997649  1.0012193
p.fac2[1,2]     0.9998948  1.0009502
p.fac2[2,2]     0.9995320  1.0001549
p.fac2[3,2]     1.0018410  1.0028056
p.fac2[4,2]     0.9993711  0.9994806
p.fac2[5,2]     0.9996606  1.0009981
p.fac2[6,2]     1.0006143  1.0013618
p.fac2[7,2]     0.9992005  0.9997161
p.fac2[8,2]     1.0022036  1.0051247
p.fac2[9,2]     1.0022195  1.0043867
p.fac2[10,2]    1.0003947  1.0021404
p.fac2[11,2]    1.0030027  1.0075335
p.fac2[12,2]    1.0003103  1.0030118
p.fac2[13,2]    1.0011680  1.0039856
p.fac2[14,2]    1.0014712  1.0036990
p.fac2[15,2]    1.0002514  1.0007534
p.fac2[16,2]    1.0018520  1.0071915
p.fac2[17,2]    1.0014678  1.0052122
p.fac2[18,2]    1.0014882  1.0039014
p.fac2[19,2]    1.0004928  1.0018134
p.fac2[1,3]     1.0000714  1.0016998
p.fac2[2,3]     1.0005420  1.0038550
p.fac2[3,3]     0.9996212  1.0010793
p.fac2[4,3]     1.0007239  1.0033919
p.fac2[5,3]     0.9998587  1.0009994
p.fac2[6,3]     0.9996432  1.0011610
p.fac2[7,3]     1.0008643  1.0029932
p.fac2[8,3]     1.0001887  1.0007545
p.fac2[9,3]     0.9995343  1.0002688
p.fac2[10,3]    0.9997204  1.0010596
p.fac2[11,3]    1.0011847  1.0023335
p.fac2[12,3]    1.0001567  1.0028297
p.fac2[13,3]    1.0002327  1.0021079
p.fac2[14,3]    1.0054669  1.0203890
p.fac2[15,3]    1.0011342  1.0016476
p.fac2[16,3]    1.0011309  1.0051669
p.fac2[17,3]    1.0002084  1.0016846
p.fac2[18,3]    0.9996424  1.0002305
p.fac2[19,3]    1.0007322  1.0052282
p.fac2[1,4]     1.0048449  1.0165615
p.fac2[2,4]     1.0015633  1.0081002
p.fac2[3,4]     1.0035388  1.0128516
p.fac2[4,4]     1.0060632  1.0195494
p.fac2[5,4]     1.0015339  1.0062491
p.fac2[6,4]     1.0017397  1.0082273
p.fac2[7,4]     1.0040939  1.0147965
p.fac2[8,4]     1.0014961  1.0079802
p.fac2[9,4]     1.0026864  1.0119071
p.fac2[10,4]    1.0044535  1.0151992
p.fac2[11,4]    1.0105986  1.0319137
p.fac2[12,4]    1.0024987  1.0083379
p.fac2[13,4]    1.0021110  1.0069696
p.fac2[14,4]    1.0071238  1.0220565
p.fac2[15,4]    1.0013180  1.0066619
p.fac2[16,4]    1.0060024  1.0232854
p.fac2[17,4]    1.0025905  1.0108953
p.fac2[18,4]    1.0021383  1.0096808
p.fac2[19,4]    1.0076974  1.0241603
p.global[1]     1.0000587  1.0023939
p.global[2]     1.0007028  1.0021391
p.global[3]     1.0011237  1.0057110
p.global[4]     1.0038881  1.0148556

################################################################################
# Geweke Diagnostic
################################################################################

The Geweke diagnostic is a standard z-score, so we'd expect 5% to be outside +/-1.96
Number of variables outside +/-1.96 in each chain (out of 
272
):


       Chain 1 Chain 2 Chain 3
Geweke       5      10      14


And here are the Geweke diagnostics for all variables:

               chain1 chain2 chain3
deviance        0.348  0.855  0.427
fac1.sig        0.453 -0.316 -0.391
fac2.sig       -0.320 -0.152  0.671
ilr.fac1[1,1]  -0.554  1.134 -0.820
ilr.fac1[2,1]  -0.552 -0.346  0.392
ilr.fac1[3,1]  -0.311  1.174 -0.996
ilr.fac1[4,1]   0.937 -1.392  0.525
ilr.fac1[5,1]   0.799 -0.466  1.318
ilr.fac1[6,1]  -0.871  1.519 -0.964
ilr.fac1[1,2]   0.797 -0.324  0.115
ilr.fac1[2,2]   0.836  0.737 -0.124
ilr.fac1[3,2]  -0.082 -0.594  0.587
ilr.fac1[4,2]   0.273  0.368  0.184
ilr.fac1[5,2]   0.632  0.363 -0.582
ilr.fac1[6,2]   0.253 -0.797  0.558
ilr.fac1[1,3]   2.651  0.515  0.851
ilr.fac1[2,3]   1.339  0.083  1.053
ilr.fac1[3,3]   1.638  1.077 -0.075
ilr.fac1[4,3]  -0.251 -1.236  0.801
ilr.fac1[5,3]   1.500 -0.643 -1.180
ilr.fac1[6,3]   1.096  0.147 -0.343
ilr.fac2[1,1]  -1.221  1.461  0.731
ilr.fac2[2,1]  -0.696 -0.361  0.254
ilr.fac2[3,1]  -0.541  0.647  1.667
ilr.fac2[4,1]   0.165  0.253  0.021
ilr.fac2[5,1]   0.108  0.524 -0.876
ilr.fac2[6,1]   0.788 -1.664  0.606
ilr.fac2[7,1]  -0.030  1.191  0.098
ilr.fac2[8,1]  -0.130 -0.955  0.172
ilr.fac2[9,1]  -0.785  1.151 -0.163
ilr.fac2[10,1] -0.635  1.179  0.275
ilr.fac2[11,1] -1.824  0.223 -1.110
ilr.fac2[12,1]  0.391  0.137 -1.056
ilr.fac2[13,1] -0.148 -1.429 -0.492
ilr.fac2[14,1]  0.630  0.996 -0.158
ilr.fac2[15,1] -0.782 -0.428 -0.246
ilr.fac2[16,1] -0.837  0.821 -1.296
ilr.fac2[17,1]  0.566  0.260  0.345
ilr.fac2[18,1]  0.460  1.659 -0.363
ilr.fac2[19,1]  0.445  0.191 -0.757
ilr.fac2[1,2]   0.714 -0.204  0.006
ilr.fac2[2,2]  -0.024 -0.430  0.139
ilr.fac2[3,2]  -0.139 -1.321  0.027
ilr.fac2[4,2]  -0.124 -1.340  0.002
ilr.fac2[5,2]   0.008  0.279 -0.716
ilr.fac2[6,2]   0.431  1.632 -0.909
ilr.fac2[7,2]   1.555  0.187 -0.384
ilr.fac2[8,2]   0.615  0.680 -0.171
ilr.fac2[9,2]   0.401  0.102 -1.028
ilr.fac2[10,2] -0.384  0.240  0.262
ilr.fac2[11,2]  1.544 -0.060  1.240
ilr.fac2[12,2]  0.803 -0.648  0.501
ilr.fac2[13,2]  1.047  1.511  0.095
ilr.fac2[14,2]  0.332  1.039 -0.120
ilr.fac2[15,2]  1.646  0.315  0.219
ilr.fac2[16,2]  0.645 -0.247 -0.232
ilr.fac2[17,2]  0.030 -1.545 -0.614
ilr.fac2[18,2]  0.061 -1.117  0.102
ilr.fac2[19,2] -0.070 -1.374 -1.024
ilr.fac2[1,3]  -0.978 -1.400  1.881
ilr.fac2[2,3]   1.186  1.364  2.729
ilr.fac2[3,3]  -0.615  0.464 -1.509
ilr.fac2[4,3]   0.100 -0.323  1.375
ilr.fac2[5,3]  -0.089  0.521 -1.821
ilr.fac2[6,3]  -0.170 -0.471  0.222
ilr.fac2[7,3]  -0.902  0.820 -0.145
ilr.fac2[8,3]   1.022 -1.116  1.584
ilr.fac2[9,3]  -0.213 -0.878 -1.234
ilr.fac2[10,3]  1.792 -1.009  0.656
ilr.fac2[11,3] -0.564  0.987 -0.264
ilr.fac2[12,3] -0.487  0.063  0.137
ilr.fac2[13,3]  0.467  1.423 -1.360
ilr.fac2[14,3]  0.426  0.404  1.179
ilr.fac2[15,3]  0.028 -0.425 -0.221
ilr.fac2[16,3]  1.153 -2.340  0.869
ilr.fac2[17,3] -1.732 -0.792 -1.736
ilr.fac2[18,3]  0.433 -2.128 -0.974
ilr.fac2[19,3]  1.204 -0.161  1.003
loglik[1]      -1.566  0.192 -1.159
loglik[2]      -0.061 -0.823  0.470
loglik[3]      -0.690 -0.435  0.426
loglik[4]      -1.706  0.023 -1.185
loglik[5]      -1.967  0.255  0.274
loglik[6]      -1.604 -0.049  0.483
loglik[7]      -0.643 -0.583  1.084
loglik[8]      -1.438  0.021 -1.839
loglik[9]       0.828 -0.966  0.966
loglik[10]     -1.414 -0.340  0.267
loglik[11]     -0.069  0.386  0.272
loglik[12]      0.142  0.378  0.431
loglik[13]     -0.693  0.861 -0.224
loglik[14]      0.402 -0.295  1.266
loglik[15]     -0.921 -0.198 -1.598
loglik[16]     -0.753  1.378 -1.464
loglik[17]      0.757 -1.030  0.570
loglik[18]     -0.639 -2.004 -2.076
loglik[19]     -0.238  1.322  1.861
loglik[20]     -0.014  0.712 -1.228
loglik[21]     -0.976  1.051  0.314
loglik[22]      0.179  1.728  1.894
loglik[23]     -0.851 -0.782  1.885
loglik[24]      2.884 -0.009  1.327
loglik[25]      1.281  0.345  1.658
loglik[26]      1.011 -0.382  2.038
loglik[27]      0.408  1.080  0.573
loglik[28]     -1.516 -1.588 -2.406
loglik[29]     -1.284 -0.464 -1.977
loglik[30]     -0.122 -0.710 -0.279
loglik[31]     -0.626  1.268  1.180
loglik[32]     -1.270 -0.582 -2.340
loglik[33]     -0.805  0.903 -1.706
loglik[34]      1.468  0.526  1.195
loglik[35]     -0.949 -1.251 -1.446
loglik[36]     -0.137 -2.354 -1.957
loglik[37]      0.449  0.085 -0.929
loglik[38]      0.092  0.336 -0.715
loglik[39]     -1.037  0.447  0.001
loglik[40]     -0.589 -0.710  2.475
loglik[41]     -1.649  0.883 -2.829
loglik[42]     -0.331  0.584 -1.269
loglik[43]     -1.455  0.530  0.702
loglik[44]     -0.502 -1.353 -0.384
loglik[45]      1.532  0.298  1.146
loglik[46]     -0.252  0.834 -4.418
loglik[47]      0.142  0.815 -2.168
loglik[48]      2.191 -0.536 -0.398
loglik[49]      0.345  0.065 -0.220
loglik[50]     -1.679 -0.379  0.760
loglik[51]      1.512  0.346 -1.896
loglik[52]      1.508  0.431 -1.632
loglik[53]      1.373 -0.132 -0.553
loglik[54]      0.654  0.372  0.731
loglik[55]     -0.902  0.465 -0.675
loglik[56]     -0.628 -0.499 -0.432
loglik[57]     -1.335  0.436  1.319
loglik[58]      1.373 -0.297 -0.534
loglik[59]      0.640  0.560 -0.058
loglik[60]     -0.234  0.250  1.081
loglik[61]     -0.505 -0.877 -1.046
loglik[62]     -0.693  0.853 -0.433
loglik[63]      0.858  0.697  0.949
loglik[64]     -0.814  0.857 -1.685
loglik[65]     -1.270  0.539 -1.947
loglik[66]      0.081 -2.418 -1.165
loglik[67]      0.078 -2.398 -1.129
loglik[68]     -0.887 -1.785 -1.200
loglik[69]     -0.270  0.522  0.708
loglik[70]      0.143 -1.286 -0.471
loglik[71]     -1.262 -2.001  1.486
loglik[72]      0.729  0.670 -0.829
loglik[73]     -0.831  1.400 -0.545
loglik[74]      2.063 -0.531  0.011
loglik[75]      1.956 -0.253 -0.542
loglik[76]      0.096  0.675  0.422
loglik[77]     -1.038 -0.268  0.860
loglik[78]      0.611 -0.601  0.600
loglik[79]     -0.512  2.303 -2.073
loglik[80]     -1.742 -0.633 -1.691
loglik[81]      0.102  0.339 -0.273
loglik[82]     -1.206  1.308 -0.796
loglik[83]     -0.388 -1.244  0.710
loglik[84]      0.760  0.216 -0.714
loglik[85]      0.688  1.844  1.128
loglik[86]      0.039  0.383 -0.574
loglik[87]      0.486 -0.503  0.232
loglik[88]     -1.645 -1.111  0.452
loglik[89]      1.023 -0.417 -0.523
loglik[90]      0.393  1.004  1.008
p.fac1[1,1]     0.233 -1.082  0.950
p.fac1[2,1]     0.288 -1.150  1.323
p.fac1[3,1]     0.096 -0.919  1.035
p.fac1[4,1]     0.217 -1.312  1.315
p.fac1[5,1]     0.299 -1.506  1.289
p.fac1[6,1]     0.001 -1.374  1.249
p.fac1[1,2]    -0.719  0.542 -0.104
p.fac1[2,2]    -0.624  0.995 -0.418
p.fac1[3,2]    -0.479  0.340 -0.124
p.fac1[4,2]    -0.776  0.794 -0.419
p.fac1[5,2]    -0.917  0.696 -0.476
p.fac1[6,2]    -0.597  0.354 -0.247
p.fac1[1,3]     0.453  0.485  0.790
p.fac1[2,3]     0.117 -0.901  1.624
p.fac1[3,3]     0.340  0.397  0.623
p.fac1[4,3]     0.338 -0.106  0.843
p.fac1[5,3]     0.299 -0.401  0.936
p.fac1[6,3]     0.216  0.801  0.511
p.fac1[1,4]     0.861 -0.326 -2.045
p.fac1[2,4]     1.116 -0.074 -1.683
p.fac1[3,4]     0.946 -0.211 -1.538
p.fac1[4,4]     1.244 -0.109 -1.548
p.fac1[5,4]     1.021 -0.045 -1.322
p.fac1[6,4]     1.059 -0.222 -1.501
p.fac2[1,1]     0.107 -0.833  1.708
p.fac2[2,1]     0.163 -1.821  1.658
p.fac2[3,1]    -0.030 -1.089  1.667
p.fac2[4,1]     0.268 -1.376  1.642
p.fac2[5,1]     0.091 -0.909  0.965
p.fac2[6,1]     0.160 -1.104  1.303
p.fac2[7,1]     0.036 -0.323  1.134
p.fac2[8,1]     0.398 -1.774  1.369
p.fac2[9,1]     0.185 -1.130  1.018
p.fac2[10,1]    0.071 -1.113  1.572
p.fac2[11,1]    0.298 -1.279  1.215
p.fac2[12,1]    0.284 -0.736  0.990
p.fac2[13,1]    0.289 -0.938  1.046
p.fac2[14,1]    0.522 -0.582  1.147
p.fac2[15,1]    0.574 -2.208  1.373
p.fac2[16,1]    0.329 -1.309  1.037
p.fac2[17,1]    0.409 -2.016  1.900
p.fac2[18,1]    0.368 -1.662  1.639
p.fac2[19,1]    0.280 -1.937  1.031
p.fac2[1,2]    -0.697  0.500 -0.526
p.fac2[2,2]    -0.659  1.169 -0.503
p.fac2[3,2]    -0.889  0.488 -0.408
p.fac2[4,2]    -0.757  0.889 -0.400
p.fac2[5,2]    -0.469  0.249 -0.272
p.fac2[6,2]    -0.651  0.822 -0.463
p.fac2[7,2]    -0.555  0.226 -0.317
p.fac2[8,2]    -0.709  0.771 -0.526
p.fac2[9,2]    -0.855  0.840 -0.372
p.fac2[10,2]   -1.239  0.606 -0.526
p.fac2[11,2]   -0.552  1.165 -0.156
p.fac2[12,2]   -0.670  0.413 -0.022
p.fac2[13,2]   -0.658  0.974 -0.021
p.fac2[14,2]   -0.648  0.484 -0.139
p.fac2[15,2]   -0.597  0.779 -0.502
p.fac2[16,2]   -0.877  0.768 -0.255
p.fac2[17,2]   -0.819  0.525 -0.531
p.fac2[18,2]   -0.823  0.494 -0.324
p.fac2[19,2]   -0.923  0.605 -0.399
p.fac2[1,3]    -0.147 -0.219  1.590
p.fac2[2,3]     0.453  0.357  1.350
p.fac2[3,3]     0.051  0.464  1.213
p.fac2[4,3]    -0.002  0.205  2.111
p.fac2[5,3]     0.093  0.783  0.909
p.fac2[6,3]    -0.413 -0.668  1.658
p.fac2[7,3]    -0.889  0.682  0.645
p.fac2[8,3]     0.491 -0.379  0.912
p.fac2[9,3]     0.537 -0.547  1.709
p.fac2[10,3]    0.709 -0.248  1.440
p.fac2[11,3]   -0.567 -0.411  0.238
p.fac2[12,3]   -0.237  0.879  0.422
p.fac2[13,3]    0.499 -0.434  0.403
p.fac2[14,3]    0.308 -0.221  1.021
p.fac2[15,3]   -0.480 -0.675  0.446
p.fac2[16,3]    0.284 -0.845  1.382
p.fac2[17,3]   -0.339  0.052  0.851
p.fac2[18,3]    0.152  0.102  1.012
p.fac2[19,3]    0.513  0.372  1.507
p.fac2[1,4]     1.296 -0.049 -1.461
p.fac2[2,4]     1.047 -0.198 -1.766
p.fac2[3,4]     1.308 -0.181 -0.939
p.fac2[4,4]     1.197 -0.214 -2.050
p.fac2[5,4]     1.111 -0.154 -1.050
p.fac2[6,4]     1.100 -0.183 -1.430
p.fac2[7,4]     1.154 -0.398 -1.071
p.fac2[8,4]     1.110 -0.004 -1.405
p.fac2[9,4]     1.213 -0.091 -1.502
p.fac2[10,4]    1.163 -0.158 -1.554
p.fac2[11,4]    1.039 -0.095 -1.045
p.fac2[12,4]    1.475 -0.341 -1.280
p.fac2[13,4]    0.842 -0.284 -1.426
p.fac2[14,4]    0.902 -0.108 -1.428
p.fac2[15,4]    0.994  0.104 -1.095
p.fac2[16,4]    0.796  0.156 -1.587
p.fac2[17,4]    1.263  0.172 -1.060
p.fac2[18,4]    1.057  0.080 -1.492
p.fac2[19,4]    1.301 -0.126 -1.341
p.global[1]     0.051 -1.087  1.304
p.global[2]    -0.773  0.651 -0.328
p.global[3]     0.284  0.037  0.811
p.global[4]     1.202 -0.142 -1.431
