
################################################################################
# Gelman-Rubin Diagnostic
################################################################################

Generally the Gelman diagnostic should be < 1.05


Out of 218 variables: 1 > 1.01

                      
0 > 1.05

                      
0 > 1.1


The worst variables are:

             Point est. Upper C.I.
loglik[83]     1.013092   1.024709
p.fac1[3,2]    1.009418   1.036366
p.fac2[17,2]   1.007618   1.026328
p.fac2[13,2]   1.007528   1.027608
p.fac1[3,3]    1.007380   1.027828
p.fac2[6,3]    1.007119   1.028109
loglik[58]     1.006824   1.016093
p.fac2[7,1]    1.006792   1.023823
p.fac1[2,1]    1.006782   1.023619
loglik[38]     1.006408   1.025710


And here are the Gelman diagnostics for all variables:

               Point est. Upper C.I.
deviance        1.0016164  1.0073850
fac1.sig        1.0004668  1.0027015
fac2.sig        1.0053178  1.0188986
ilr.fac1[1,1]   1.0012239  1.0021014
ilr.fac1[2,1]   1.0016118  1.0031029
ilr.fac1[3,1]   1.0061191  1.0177166
ilr.fac1[4,1]   1.0010154  1.0032336
ilr.fac1[5,1]   1.0004785  1.0011577
ilr.fac1[6,1]   1.0000086  1.0008125
ilr.fac1[1,2]   1.0006502  1.0047493
ilr.fac1[2,2]   1.0010522  1.0045787
ilr.fac1[3,2]   1.0050540  1.0193608
ilr.fac1[4,2]   1.0013904  1.0076316
ilr.fac1[5,2]   1.0039736  1.0141949
ilr.fac1[6,2]   1.0009498  1.0061116
ilr.fac2[1,1]   1.0008935  1.0009226
ilr.fac2[2,1]   1.0014586  1.0043401
ilr.fac2[3,1]   1.0043027  1.0060069
ilr.fac2[4,1]   1.0014007  1.0059273
ilr.fac2[5,1]   1.0021315  1.0026470
ilr.fac2[6,1]   0.9995158  0.9997475
ilr.fac2[7,1]   1.0021577  1.0054082
ilr.fac2[8,1]   1.0016860  1.0086751
ilr.fac2[9,1]   1.0037158  1.0138122
ilr.fac2[10,1]  1.0002865  1.0035221
ilr.fac2[11,1]  1.0042083  1.0130099
ilr.fac2[12,1]  0.9999933  1.0021398
ilr.fac2[13,1]  1.0020396  1.0035802
ilr.fac2[14,1]  1.0015221  1.0034385
ilr.fac2[15,1]  1.0001247  1.0012765
ilr.fac2[16,1]  1.0011922  1.0035444
ilr.fac2[17,1]  1.0022432  1.0058213
ilr.fac2[18,1]  0.9996752  1.0004811
ilr.fac2[19,1]  1.0032519  1.0059050
ilr.fac2[1,2]   1.0024295  1.0109780
ilr.fac2[2,2]   1.0033178  1.0120720
ilr.fac2[3,2]   0.9998041  1.0012148
ilr.fac2[4,2]   1.0032777  1.0129227
ilr.fac2[5,2]   1.0019716  1.0082344
ilr.fac2[6,2]   1.0037751  1.0161466
ilr.fac2[7,2]   1.0039809  1.0136607
ilr.fac2[8,2]   0.9993384  0.9993847
ilr.fac2[9,2]   1.0004451  1.0017876
ilr.fac2[10,2]  1.0020817  1.0093441
ilr.fac2[11,2]  0.9992286  0.9997742
ilr.fac2[12,2]  1.0004336  1.0031806
ilr.fac2[13,2]  0.9995063  1.0002898
ilr.fac2[14,2]  1.0006317  1.0024829
ilr.fac2[15,2]  1.0026935  1.0077070
ilr.fac2[16,2]  1.0039303  1.0159451
ilr.fac2[17,2]  1.0014126  1.0052806
ilr.fac2[18,2]  1.0042405  1.0144933
ilr.fac2[19,2]  1.0026167  1.0052530
loglik[1]       1.0016004  1.0081335
loglik[2]       0.9999917  1.0012948
loglik[3]       1.0000978  1.0023326
loglik[4]       1.0017512  1.0089036
loglik[5]       1.0011047  1.0055281
loglik[6]       1.0015178  1.0073182
loglik[7]       1.0005919  1.0019895
loglik[8]       1.0000118  1.0011625
loglik[9]       0.9992095  0.9996870
loglik[10]      1.0020417  1.0090756
loglik[11]      0.9992851  0.9995306
loglik[12]      1.0000459  1.0010740
loglik[13]      1.0002446  1.0005808
loglik[14]      0.9995960  1.0006730
loglik[15]      1.0019915  1.0033495
loglik[16]      1.0037691  1.0153240
loglik[17]      1.0010610  1.0059017
loglik[18]      1.0035894  1.0145382
loglik[19]      1.0024881  1.0103709
loglik[20]      0.9993166  0.9996353
loglik[21]      1.0003894  1.0012582
loglik[22]      1.0017508  1.0090595
loglik[23]      1.0003234  1.0022014
loglik[24]      1.0030924  1.0050972
loglik[25]      1.0000931  1.0014474
loglik[26]      0.9993433  0.9998017
loglik[27]      1.0010708  1.0019565
loglik[28]      1.0037964  1.0157112
loglik[29]      1.0061509  1.0128236
loglik[30]      1.0010372  1.0017143
loglik[31]      1.0023790  1.0036515
loglik[32]      0.9994812  1.0000004
loglik[33]      1.0010232  1.0035446
loglik[34]      1.0018077  1.0033492
loglik[35]      1.0009682  1.0013250
loglik[36]      1.0011619  1.0061835
loglik[37]      0.9996420  1.0006829
loglik[38]      1.0064080  1.0257098
loglik[39]      1.0007981  1.0044592
loglik[40]      0.9991672  0.9993428
loglik[41]      1.0003209  1.0012136
loglik[42]      1.0008336  1.0056900
loglik[43]      1.0005296  1.0015651
loglik[44]      1.0039288  1.0156355
loglik[45]      1.0010105  1.0059223
loglik[46]      1.0033012  1.0065639
loglik[47]      1.0001512  1.0025390
loglik[48]      1.0004674  1.0014087
loglik[49]      0.9995417  0.9995925
loglik[50]      1.0025166  1.0113602
loglik[51]      1.0051905  1.0135020
loglik[52]      1.0012461  1.0062648
loglik[53]      1.0019959  1.0096415
loglik[54]      1.0011515  1.0038090
loglik[55]      1.0018338  1.0089161
loglik[56]      1.0004975  1.0007024
loglik[57]      1.0007783  1.0014206
loglik[58]      1.0068245  1.0160934
loglik[59]      1.0049564  1.0161908
loglik[60]      1.0022493  1.0031704
loglik[61]      1.0010922  1.0013761
loglik[62]      1.0011390  1.0030638
loglik[63]      1.0000155  1.0003204
loglik[64]      0.9999621  1.0001823
loglik[65]      0.9996079  0.9999194
loglik[66]      1.0036211  1.0141284
loglik[67]      0.9994484  1.0004003
loglik[68]      1.0017487  1.0037190
loglik[69]      1.0028862  1.0128198
loglik[70]      1.0019037  1.0087399
loglik[71]      1.0007487  1.0032467
loglik[72]      1.0020097  1.0095480
loglik[73]      1.0011449  1.0039679
loglik[74]      0.9997704  1.0009116
loglik[75]      0.9994734  1.0005773
loglik[76]      1.0025771  1.0063726
loglik[77]      1.0025360  1.0096748
loglik[78]      0.9996363  1.0008815
loglik[79]      1.0056149  1.0095629
loglik[80]      1.0032814  1.0144345
loglik[81]      1.0039188  1.0131004
loglik[82]      1.0002881  1.0004684
loglik[83]      1.0130922  1.0247087
loglik[84]      1.0011239  1.0045661
loglik[85]      1.0004418  1.0007296
loglik[86]      1.0016047  1.0072703
loglik[87]      1.0051110  1.0154389
p.fac1[1,1]     1.0013006  1.0058363
p.fac1[2,1]     1.0067818  1.0236191
p.fac1[3,1]     1.0033302  1.0109589
p.fac1[4,1]     1.0042449  1.0148586
p.fac1[5,1]     1.0045200  1.0188281
p.fac1[6,1]     1.0040132  1.0136190
p.fac1[1,2]     1.0036485  1.0147547
p.fac1[2,2]     0.9998782  1.0021472
p.fac1[3,2]     1.0094181  1.0363657
p.fac1[4,2]     1.0061550  1.0242427
p.fac1[5,2]     1.0035327  1.0129048
p.fac1[6,2]     1.0044232  1.0174254
p.fac1[1,3]     1.0020094  1.0066832
p.fac1[2,3]     0.9995163  1.0008204
p.fac1[3,3]     1.0073802  1.0278278
p.fac1[4,3]     1.0025783  1.0111418
p.fac1[5,3]     1.0016839  1.0087293
p.fac1[6,3]     1.0015570  1.0082028
p.fac2[1,1]     1.0024436  1.0103277
p.fac2[2,1]     1.0014203  1.0064496
p.fac2[3,1]     1.0008042  1.0050493
p.fac2[4,1]     1.0056141  1.0206407
p.fac2[5,1]     1.0028488  1.0123464
p.fac2[6,1]     0.9999402  1.0023546
p.fac2[7,1]     1.0067925  1.0238228
p.fac2[8,1]     1.0043344  1.0148507
p.fac2[9,1]     1.0013020  1.0058908
p.fac2[10,1]    1.0041892  1.0144161
p.fac2[11,1]    1.0036380  1.0138926
p.fac2[12,1]    1.0017493  1.0082676
p.fac2[13,1]    1.0028694  1.0131047
p.fac2[14,1]    1.0010842  1.0054520
p.fac2[15,1]    1.0018265  1.0092459
p.fac2[16,1]    1.0028045  1.0124141
p.fac2[17,1]    1.0036595  1.0158083
p.fac2[18,1]    1.0045321  1.0154386
p.fac2[19,1]    1.0019136  1.0077351
p.fac2[1,2]     1.0044653  1.0157947
p.fac2[2,2]     1.0052576  1.0204114
p.fac2[3,2]     1.0008029  1.0031792
p.fac2[4,2]     1.0059600  1.0238553
p.fac2[5,2]     1.0048485  1.0161105
p.fac2[6,2]     1.0055090  1.0221705
p.fac2[7,2]     1.0027949  1.0114261
p.fac2[8,2]     1.0039047  1.0156817
p.fac2[9,2]     1.0025490  1.0105017
p.fac2[10,2]    1.0004974  1.0042805
p.fac2[11,2]    1.0029917  1.0120073
p.fac2[12,2]    1.0040626  1.0145897
p.fac2[13,2]    1.0075283  1.0276084
p.fac2[14,2]    1.0024214  1.0104948
p.fac2[15,2]    1.0002731  1.0031636
p.fac2[16,2]    1.0015512  1.0058043
p.fac2[17,2]    1.0076179  1.0263283
p.fac2[18,2]    1.0042656  1.0140069
p.fac2[19,2]    1.0019274  1.0087670
p.fac2[1,3]     1.0015386  1.0079812
p.fac2[2,3]     1.0035222  1.0147356
p.fac2[3,3]     1.0004394  1.0005546
p.fac2[4,3]     1.0026382  1.0089442
p.fac2[5,3]     1.0019762  1.0081293
p.fac2[6,3]     1.0071192  1.0281089
p.fac2[7,3]     0.9994504  1.0004568
p.fac2[8,3]     1.0003817  1.0038196
p.fac2[9,3]     1.0015808  1.0067380
p.fac2[10,3]    1.0000226  1.0018268
p.fac2[11,3]    1.0001469  1.0026689
p.fac2[12,3]    1.0014399  1.0078421
p.fac2[13,3]    1.0048290  1.0176010
p.fac2[14,3]    1.0012615  1.0071278
p.fac2[15,3]    1.0001202  1.0001466
p.fac2[16,3]    0.9995495  1.0004971
p.fac2[17,3]    1.0052060  1.0144266
p.fac2[18,3]    1.0033375  1.0080652
p.fac2[19,3]    1.0001328  1.0025262
p.global[1]     1.0038213  1.0162564
p.global[2]     1.0025702  1.0118177
p.global[3]     1.0031426  1.0047408

################################################################################
# Geweke Diagnostic
################################################################################

The Geweke diagnostic is a standard z-score, so we'd expect 5% to be outside +/-1.96
Number of variables outside +/-1.96 in each chain (out of 
218
):


       Chain 1 Chain 2 Chain 3
Geweke      24      14       7


And here are the Geweke diagnostics for all variables:

               chain1 chain2 chain3
deviance       -1.923 -0.150  0.621
fac1.sig        0.342  0.455  0.921
fac2.sig        1.233 -0.822 -1.318
ilr.fac1[1,1]  -0.961 -0.302 -0.518
ilr.fac1[2,1]  -0.072  0.862 -0.336
ilr.fac1[3,1]  -0.654 -1.062  1.157
ilr.fac1[4,1]   0.960  0.322  1.150
ilr.fac1[5,1]   0.401  0.276 -0.412
ilr.fac1[6,1]   0.970 -0.122  2.018
ilr.fac1[1,2]   0.518  1.139  2.238
ilr.fac1[2,2]  -0.655  0.469 -0.350
ilr.fac1[3,2]   0.635  1.276  1.212
ilr.fac1[4,2]   0.207  1.071  1.577
ilr.fac1[5,2]   0.270  0.774  3.021
ilr.fac1[6,2]  -0.339  0.815  0.085
ilr.fac2[1,1]  -1.212 -0.064  0.684
ilr.fac2[2,1]   0.006 -0.475 -1.417
ilr.fac2[3,1]  -0.104 -0.085 -0.114
ilr.fac2[4,1]   0.845 -0.045  0.221
ilr.fac2[5,1]   0.092 -3.626  0.012
ilr.fac2[6,1]   0.152 -0.914 -0.534
ilr.fac2[7,1]  -0.005 -0.954  0.893
ilr.fac2[8,1]  -1.592  0.672  1.348
ilr.fac2[9,1]   1.115  0.450  0.293
ilr.fac2[10,1] -1.253  1.946 -0.304
ilr.fac2[11,1] -1.079  0.187 -0.310
ilr.fac2[12,1] -0.913 -1.655 -1.462
ilr.fac2[13,1]  0.270 -1.607 -1.440
ilr.fac2[14,1] -0.036  0.313  0.437
ilr.fac2[15,1] -0.289 -0.573  0.903
ilr.fac2[16,1] -0.080  1.222  0.908
ilr.fac2[17,1] -1.096 -1.028  0.209
ilr.fac2[18,1] -1.590 -1.229 -0.448
ilr.fac2[19,1]  1.958 -1.687  0.806
ilr.fac2[1,2]  -0.123 -0.589 -0.566
ilr.fac2[2,2]   0.619 -0.086  0.394
ilr.fac2[3,2]  -0.081 -1.019  2.987
ilr.fac2[4,2]   1.409 -0.780  1.099
ilr.fac2[5,2]   1.259 -1.059  0.053
ilr.fac2[6,2]  -0.358  0.431  2.038
ilr.fac2[7,2]  -0.496 -0.990  0.476
ilr.fac2[8,2]  -0.374  0.601 -0.127
ilr.fac2[9,2]  -0.960 -1.764  0.386
ilr.fac2[10,2] -0.160 -1.746 -0.290
ilr.fac2[11,2]  0.353  1.182 -0.216
ilr.fac2[12,2]  0.342 -1.492  0.128
ilr.fac2[13,2] -0.070  0.322  1.942
ilr.fac2[14,2] -1.519 -0.730 -0.220
ilr.fac2[15,2]  0.109 -1.410 -0.360
ilr.fac2[16,2] -0.118 -1.349 -0.840
ilr.fac2[17,2] -0.125  0.026 -1.075
ilr.fac2[18,2]  1.292  1.109  0.448
ilr.fac2[19,2] -1.005 -1.985 -0.228
loglik[1]      -2.301 -0.153  0.399
loglik[2]       2.362 -0.256 -0.427
loglik[3]       2.696 -0.037 -0.727
loglik[4]      -2.164 -0.190  0.354
loglik[5]       0.969 -1.324 -0.114
loglik[6]       0.951 -1.271 -0.110
loglik[7]       2.890  0.719 -0.291
loglik[8]       0.310 -0.323  0.529
loglik[9]       0.259  0.977  0.561
loglik[10]     -1.207 -0.053  0.981
loglik[11]     -1.196  0.739 -0.095
loglik[12]      2.514  0.318  0.321
loglik[13]     -0.223  0.211  0.241
loglik[14]     -0.896  1.745 -0.047
loglik[15]      0.807  1.496 -1.172
loglik[16]      1.568  0.788 -0.445
loglik[17]      0.627 -0.659 -0.957
loglik[18]      2.292  1.376 -0.895
loglik[19]      0.942  0.645 -0.199
loglik[20]     -0.616  0.721  0.761
loglik[21]      2.368  0.025  0.164
loglik[22]      2.043  0.027 -0.814
loglik[23]      0.751 -0.181 -0.852
loglik[24]     -0.359 -1.809 -0.395
loglik[25]      2.573 -0.451 -0.209
loglik[26]      3.233  0.295  0.129
loglik[27]      0.251 -1.005 -1.756
loglik[28]      1.937  1.190 -0.520
loglik[29]      1.690  0.720 -1.090
loglik[30]      0.979 -0.603 -0.970
loglik[31]      2.054  0.924 -1.184
loglik[32]      1.407 -0.657 -0.682
loglik[33]      1.579  1.538 -1.422
loglik[34]      1.694 -0.521 -1.897
loglik[35]      1.820  0.554 -1.527
loglik[36]      3.102  1.252  0.023
loglik[37]     -0.923  0.600  0.780
loglik[38]      1.321  1.030 -0.448
loglik[39]     -1.774 -0.313  0.607
loglik[40]      0.103  0.829  2.197
loglik[41]     -0.468 -1.609 -0.604
loglik[42]      1.927 -0.190 -0.497
loglik[43]      2.447 -0.149 -0.565
loglik[44]      1.332  0.408 -1.035
loglik[45]     -0.274  0.725  0.675
loglik[46]      2.454 -0.205 -1.817
loglik[47]      0.249  1.132  0.518
loglik[48]      0.508 -0.780 -0.636
loglik[49]      0.588 -0.370 -0.880
loglik[50]     -0.401 -1.099 -0.806
loglik[51]     -0.157  1.390 -1.520
loglik[52]      0.900 -1.439  1.377
loglik[53]      0.552 -1.903  1.089
loglik[54]      1.167  0.228  1.719
loglik[55]     -0.381 -1.277 -0.988
loglik[56]      0.959  1.006 -0.448
loglik[57]      1.034  0.553 -0.538
loglik[58]      0.266  0.262  0.675
loglik[59]      0.145 -0.020  0.664
loglik[60]      1.838  0.955 -1.451
loglik[61]      0.952 -0.679 -0.951
loglik[62]      1.452 -0.093 -1.048
loglik[63]     -0.201  0.135  0.550
loglik[64]     -0.345  0.107  0.565
loglik[65]     -2.069  0.532 -0.442
loglik[66]     -0.622  1.922  1.257
loglik[67]      2.367  0.171  0.507
loglik[68]      0.698  2.896  0.947
loglik[69]     -0.306  0.333  0.351
loglik[70]      1.377  1.295 -0.245
loglik[71]      0.696  2.335  0.374
loglik[72]      0.097  1.138  0.582
loglik[73]      1.402  2.689 -0.337
loglik[74]     -0.713  0.423 -0.250
loglik[75]     -1.000  0.614 -0.286
loglik[76]      0.976 -0.491  0.395
loglik[77]      2.889  2.239 -1.088
loglik[78]     -2.361  1.418  0.987
loglik[79]      1.507 -0.406 -1.041
loglik[80]      0.653 -0.139 -0.574
loglik[81]      0.786  0.707 -1.555
loglik[82]      0.459  0.515 -0.385
loglik[83]      2.102 -0.404  0.706
loglik[84]      1.309 -0.612  0.750
loglik[85]      0.871  3.315  2.038
loglik[86]     -0.309 -1.296 -1.115
loglik[87]      1.394  1.366  0.037
p.fac1[1,1]    -0.240  0.839  0.306
p.fac1[2,1]    -0.081  1.034 -1.140
p.fac1[3,1]    -0.068  0.198  0.532
p.fac1[4,1]     0.650  0.744  0.625
p.fac1[5,1]     0.355  0.725  0.166
p.fac1[6,1]     0.396  0.242  0.596
p.fac1[1,2]     0.448  1.340  0.539
p.fac1[2,2]    -0.687  0.439 -0.368
p.fac1[3,2]     0.062  1.565 -0.473
p.fac1[4,2]    -1.013  1.049 -0.507
p.fac1[5,2]    -0.883  0.820  0.503
p.fac1[6,2]    -1.075  0.868 -1.253
p.fac1[1,3]    -0.295 -2.020 -1.001
p.fac1[2,3]     0.944 -1.310  1.108
p.fac1[3,3]    -0.038 -2.433  0.292
p.fac1[4,3]     0.731 -2.284  0.064
p.fac1[5,3]     0.941 -1.503 -0.843
p.fac1[6,3]     1.040 -0.932  1.415
p.fac2[1,1]    -0.166  0.226  0.385
p.fac2[2,1]     0.438  0.067 -0.548
p.fac2[3,1]    -0.386  0.208  0.030
p.fac2[4,1]     0.841  0.067  0.081
p.fac2[5,1]     0.937 -1.262  0.536
p.fac2[6,1]     0.231  0.009  1.043
p.fac2[7,1]     0.389 -0.398  1.149
p.fac2[8,1]    -0.052  0.954  1.178
p.fac2[9,1]     0.737  0.306  1.044
p.fac2[10,1]    0.159  0.404  0.746
p.fac2[11,1]    0.042  1.279  0.248
p.fac2[12,1]   -0.248 -1.428  0.072
p.fac2[13,1]   -0.319 -0.391  0.758
p.fac2[14,1]   -1.219 -0.039  0.633
p.fac2[15,1]    0.171 -0.157  0.149
p.fac2[16,1]    0.232  0.793  0.549
p.fac2[17,1]   -0.194 -0.229 -0.074
p.fac2[18,1]    0.230  0.465  0.612
p.fac2[19,1]    1.161 -0.327  1.210
p.fac2[1,2]    -0.135  0.810  0.125
p.fac2[2,2]    -0.414  1.205  1.210
p.fac2[3,2]    -0.973 -0.196  0.492
p.fac2[4,2]    -0.868  0.322 -0.264
p.fac2[5,2]    -0.577  1.494 -0.889
p.fac2[6,2]    -1.442  1.560 -0.220
p.fac2[7,2]    -1.288  0.872 -1.263
p.fac2[8,2]     0.036  0.529 -0.744
p.fac2[9,2]    -2.199  0.153 -0.127
p.fac2[10,2]    0.122 -0.522 -0.547
p.fac2[11,2]   -0.218  1.449  0.365
p.fac2[12,2]    0.471  1.470  0.062
p.fac2[13,2]   -0.236  1.646  0.478
p.fac2[14,2]   -0.239  0.855  0.014
p.fac2[15,2]   -0.409  0.356  0.108
p.fac2[16,2]   -0.799 -0.243 -0.196
p.fac2[17,2]   -0.266  1.152 -0.019
p.fac2[18,2]    0.439  2.325  0.014
p.fac2[19,2]   -2.304  0.962 -0.799
p.fac2[1,3]     0.373 -1.462 -0.498
p.fac2[2,3]     0.220 -1.762 -1.342
p.fac2[3,3]     1.475  0.058 -0.689
p.fac2[4,3]     0.511 -0.404  0.328
p.fac2[5,3]    -0.174 -0.841  1.079
p.fac2[6,3]     1.934 -2.362 -0.785
p.fac2[7,3]     1.388 -1.062  1.027
p.fac2[8,3]     0.002 -1.743  0.349
p.fac2[9,3]     2.945 -0.514 -0.542
p.fac2[10,3]   -0.483  0.268  0.119
p.fac2[11,3]    0.218 -2.013 -0.879
p.fac2[12,3]   -0.511 -1.257 -0.285
p.fac2[13,3]    0.417 -1.699 -1.359
p.fac2[14,3]    1.164 -1.262 -0.739
p.fac2[15,3]    0.402 -0.300 -0.260
p.fac2[16,3]    0.982 -0.341 -0.193
p.fac2[17,3]    0.446 -1.247  0.059
p.fac2[18,3]   -0.681 -3.067 -0.437
p.fac2[19,3]    2.408 -1.432  0.123
p.global[1]     0.068  0.291 -0.376
p.global[2]    -0.736  0.663 -0.596
p.global[3]     1.064 -1.460  1.117
