
################################################################################
# Gelman-Rubin Diagnostic
################################################################################

Generally the Gelman diagnostic should be < 1.05


Out of 133 variables: 4 > 1.01

                      
0 > 1.05

                      
0 > 1.1


The worst variables are:

              Point est. Upper C.I.
loglik[59]      1.017930   1.044246
loglik[60]      1.017617   1.042444
p.global[2]     1.011771   1.037107
loglik[61]      1.011420   1.024147
p.fac2[7,3]     1.007586   1.026260
p.fac2[1,2]     1.007474   1.028079
ilr.fac1[1,1]   1.007368   1.007667
ilr.fac2[6,1]   1.006838   1.016581
p.fac2[1,3]     1.006644   1.018355
ilr.fac2[7,2]   1.006551   1.022902


And here are the Gelman diagnostics for all variables:

              Point est. Upper C.I.
deviance       1.0006937  1.0043258
fac1.sig       1.0011512  1.0023291
fac2.sig       1.0007446  1.0022210
ilr.fac1[1,1]  1.0073684  1.0076667
ilr.fac1[2,1]  1.0025110  1.0087450
ilr.fac1[3,1]  1.0021997  1.0048290
ilr.fac1[4,1]  1.0010534  1.0033015
ilr.fac1[1,2]  1.0026749  1.0048743
ilr.fac1[2,2]  1.0006481  1.0040267
ilr.fac1[3,2]  1.0024669  1.0108085
ilr.fac1[4,2]  1.0017422  1.0064031
ilr.fac2[1,1]  1.0013607  1.0041649
ilr.fac2[2,1]  1.0032367  1.0112661
ilr.fac2[3,1]  1.0022207  1.0092648
ilr.fac2[4,1]  1.0015041  1.0061933
ilr.fac2[5,1]  1.0013105  1.0026909
ilr.fac2[6,1]  1.0068379  1.0165806
ilr.fac2[7,1]  1.0011754  1.0037631
ilr.fac2[8,1]  1.0003310  1.0022152
ilr.fac2[9,1]  1.0013007  1.0040537
ilr.fac2[1,2]  1.0002184  1.0010091
ilr.fac2[2,2]  1.0011761  1.0061369
ilr.fac2[3,2]  1.0019558  1.0022071
ilr.fac2[4,2]  0.9998458  1.0004350
ilr.fac2[5,2]  1.0009795  1.0054561
ilr.fac2[6,2]  1.0014594  1.0025620
ilr.fac2[7,2]  1.0065506  1.0229024
ilr.fac2[8,2]  1.0002195  1.0028940
ilr.fac2[9,2]  1.0038485  1.0073048
loglik[1]      1.0005040  1.0029678
loglik[2]      1.0011239  1.0049151
loglik[3]      1.0002584  1.0003354
loglik[4]      1.0008631  1.0040712
loglik[5]      1.0000619  1.0016738
loglik[6]      1.0003906  1.0004634
loglik[7]      1.0009411  1.0044162
loglik[8]      1.0002527  1.0029694
loglik[9]      1.0029054  1.0029134
loglik[10]     1.0007287  1.0033813
loglik[11]     0.9994846  1.0007804
loglik[12]     0.9993042  0.9996615
loglik[13]     1.0005397  1.0040684
loglik[14]     0.9991814  0.9995187
loglik[15]     1.0000423  1.0000725
loglik[16]     1.0007313  1.0027964
loglik[17]     1.0003191  1.0003939
loglik[18]     0.9996336  1.0009618
loglik[19]     1.0001010  1.0005177
loglik[20]     0.9994025  1.0002037
loglik[21]     1.0002508  1.0023176
loglik[22]     1.0033346  1.0104272
loglik[23]     1.0000521  1.0015163
loglik[24]     1.0011487  1.0060205
loglik[25]     0.9997358  1.0001531
loglik[26]     0.9994389  1.0000225
loglik[27]     0.9992958  0.9998652
loglik[28]     1.0009487  1.0033150
loglik[29]     1.0027369  1.0085383
loglik[30]     0.9997246  1.0007589
loglik[31]     0.9996837  1.0003683
loglik[32]     1.0001089  1.0020779
loglik[33]     0.9997076  1.0004490
loglik[34]     1.0018028  1.0026118
loglik[35]     0.9996360  0.9999178
loglik[36]     1.0015443  1.0022274
loglik[37]     1.0007781  1.0020387
loglik[38]     1.0024624  1.0103428
loglik[39]     1.0014007  1.0043472
loglik[40]     1.0007601  1.0016358
loglik[41]     1.0017004  1.0081906
loglik[42]     1.0028023  1.0054367
loglik[43]     1.0003981  1.0018093
loglik[44]     0.9999171  1.0014372
loglik[45]     1.0010979  1.0042609
loglik[46]     1.0014063  1.0034237
loglik[47]     1.0012013  1.0059293
loglik[48]     1.0022161  1.0094332
loglik[49]     1.0023684  1.0093501
loglik[50]     1.0015902  1.0044892
loglik[51]     0.9995206  1.0006980
loglik[52]     0.9997234  1.0010155
loglik[53]     1.0015211  1.0072878
loglik[54]     1.0037430  1.0143727
loglik[55]     1.0022424  1.0044573
loglik[56]     1.0017513  1.0048963
loglik[57]     1.0017610  1.0041987
loglik[58]     0.9999216  1.0002594
loglik[59]     1.0179298  1.0442464
loglik[60]     1.0176171  1.0424439
loglik[61]     1.0114198  1.0241468
loglik[62]     1.0020296  1.0026116
p.fac1[1,1]    1.0021668  1.0094247
p.fac1[2,1]    1.0037620  1.0158561
p.fac1[3,1]    1.0025000  1.0110658
p.fac1[4,1]    1.0034537  1.0123868
p.fac1[1,2]    1.0041420  1.0164890
p.fac1[2,2]    1.0063451  1.0249974
p.fac1[3,2]    1.0021002  1.0097366
p.fac1[4,2]    1.0035902  1.0150268
p.fac1[1,3]    0.9997726  1.0010800
p.fac1[2,3]    1.0004182  1.0038562
p.fac1[3,3]    0.9997145  1.0001056
p.fac1[4,3]    0.9999941  1.0017995
p.fac2[1,1]    1.0051647  1.0213426
p.fac2[2,1]    0.9999583  1.0021416
p.fac2[3,1]    1.0022672  1.0105389
p.fac2[4,1]    1.0025734  1.0119639
p.fac2[5,1]    0.9995183  0.9998027
p.fac2[6,1]    1.0018520  1.0088983
p.fac2[7,1]    1.0000848  1.0019522
p.fac2[8,1]    1.0013663  1.0020931
p.fac2[9,1]    1.0006893  1.0021451
p.fac2[1,2]    1.0074736  1.0280785
p.fac2[2,2]    1.0007240  1.0030915
p.fac2[3,2]    1.0032467  1.0144295
p.fac2[4,2]    1.0052138  1.0185220
p.fac2[5,2]    1.0045954  1.0166631
p.fac2[6,2]    1.0013242  1.0071637
p.fac2[7,2]    1.0037613  1.0158432
p.fac2[8,2]    1.0015208  1.0076323
p.fac2[9,2]    1.0021814  1.0105851
p.fac2[1,3]    1.0066439  1.0183552
p.fac2[2,3]    1.0014375  1.0050747
p.fac2[3,3]    1.0012005  1.0067293
p.fac2[4,3]    1.0029852  1.0103326
p.fac2[5,3]    1.0058677  1.0235594
p.fac2[6,3]    1.0011576  1.0059058
p.fac2[7,3]    1.0075857  1.0262601
p.fac2[8,3]    1.0015449  1.0064556
p.fac2[9,3]    1.0022814  1.0088758
p.global[1]    1.0060250  1.0152394
p.global[2]    1.0117706  1.0371071
p.global[3]    1.0019442  1.0084905

################################################################################
# Geweke Diagnostic
################################################################################

The Geweke diagnostic is a standard z-score, so we'd expect 5% to be outside +/-1.96
Number of variables outside +/-1.96 in each chain (out of 
133
):


       Chain 1 Chain 2 Chain 3
Geweke      10      16      16


And here are the Geweke diagnostics for all variables:

              chain1 chain2 chain3
deviance       1.312 -1.442  0.371
fac1.sig      -1.424  0.183 -0.089
fac2.sig      -1.414  1.251 -0.053
ilr.fac1[1,1] -2.458 -0.056  0.200
ilr.fac1[2,1] -1.892  0.025 -1.586
ilr.fac1[3,1]  0.080  1.147  0.853
ilr.fac1[4,1] -0.483  0.363 -0.316
ilr.fac1[1,2] -0.180 -0.852 -0.445
ilr.fac1[2,2] -1.576 -1.354 -0.095
ilr.fac1[3,2] -1.088 -0.795  0.194
ilr.fac1[4,2] -0.444 -1.885  0.004
ilr.fac2[1,1]  0.195 -1.758 -1.272
ilr.fac2[2,1] -0.331 -0.795 -1.040
ilr.fac2[3,1]  0.203 -0.146 -0.886
ilr.fac2[4,1]  1.224  0.055 -0.420
ilr.fac2[5,1]  2.329 -0.300  1.021
ilr.fac2[6,1] -0.415 -1.655  1.920
ilr.fac2[7,1]  0.527 -2.186  0.809
ilr.fac2[8,1]  1.258 -1.061 -2.285
ilr.fac2[9,1]  1.688  0.092  0.944
ilr.fac2[1,2] -0.337  0.564  0.656
ilr.fac2[2,2] -0.038 -1.806  2.369
ilr.fac2[3,2]  2.585 -0.109  1.525
ilr.fac2[4,2]  1.491  0.348  0.579
ilr.fac2[5,2]  0.266 -1.587  0.459
ilr.fac2[6,2]  0.194 -1.396  0.156
ilr.fac2[7,2]  1.549 -0.534  0.172
ilr.fac2[8,2]  2.370 -1.337  1.767
ilr.fac2[9,2]  0.122 -2.133 -0.938
loglik[1]     -0.638  1.480 -0.834
loglik[2]     -0.606  1.222 -0.896
loglik[3]     -0.434  0.304 -0.231
loglik[4]     -0.661  1.578 -0.847
loglik[5]     -0.703  0.249  0.688
loglik[6]     -0.453  0.239 -0.078
loglik[7]     -0.733  1.714 -0.776
loglik[8]     -0.829  0.142  0.752
loglik[9]      0.628 -0.948 -0.208
loglik[10]    -0.141  0.483 -1.184
loglik[11]    -0.280  0.481 -0.900
loglik[12]    -0.429 -0.017  0.300
loglik[13]    -0.935  0.250  0.796
loglik[14]    -0.386 -0.064  0.267
loglik[15]    -0.432  0.147  0.006
loglik[16]     0.133 -0.196 -1.153
loglik[17]    -0.438  0.288 -0.191
loglik[18]    -0.646  0.030  0.558
loglik[19]    -0.529  0.148  0.333
loglik[20]    -0.222  0.269 -0.768
loglik[21]    -0.909 -1.059  0.862
loglik[22]    -0.466  2.252  0.361
loglik[23]     0.170  0.319 -0.959
loglik[24]    -0.231  2.129 -0.520
loglik[25]     1.360  1.449 -0.241
loglik[26]    -0.598 -0.647  0.436
loglik[27]     2.324  0.353  0.257
loglik[28]    -0.030 -1.203  0.985
loglik[29]    -0.471  1.591 -0.787
loglik[30]     0.333  1.370 -0.794
loglik[31]     1.966  0.261  0.082
loglik[32]    -0.123 -1.463  0.895
loglik[33]    -0.323 -0.532  0.611
loglik[34]    -0.204  0.207  0.403
loglik[35]     1.169  0.517  0.460
loglik[36]    -1.178 -0.459  0.350
loglik[37]     0.553  1.382 -0.477
loglik[38]    -1.419  1.060 -0.330
loglik[39]    -0.174  1.371 -0.441
loglik[40]     0.141  0.966 -0.163
loglik[41]    -1.833  0.995  2.316
loglik[42]     0.828 -0.261  0.806
loglik[43]    -0.838 -0.258 -0.079
loglik[44]     0.893  0.853  3.140
loglik[45]     0.515  0.659  3.101
loglik[46]    -0.995  1.587  0.077
loglik[47]     1.699 -1.388 -1.174
loglik[48]     1.512 -0.912 -1.819
loglik[49]     1.611 -1.148 -1.638
loglik[50]    -0.010  1.504 -0.188
loglik[51]     1.416 -1.320 -0.586
loglik[52]     0.898 -1.122 -0.657
loglik[53]    -1.198  3.169  1.209
loglik[54]    -2.027 -0.399  2.440
loglik[55]     1.394 -1.033  1.380
loglik[56]     0.424  0.345  3.012
loglik[57]    -0.949  1.112 -0.321
loglik[58]     1.124  0.247 -0.316
loglik[59]    -0.055  0.723 -0.525
loglik[60]    -0.064  0.416 -0.527
loglik[61]    -0.116 -0.633 -0.417
loglik[62]     0.917 -1.093 -0.542
p.fac1[1,1]   -1.553  1.534  0.306
p.fac1[2,1]   -2.705  1.766 -0.472
p.fac1[3,1]   -1.028  1.842  1.084
p.fac1[4,1]   -0.906  1.997  0.670
p.fac1[1,2]    1.963 -1.770 -2.058
p.fac1[2,2]    0.905 -3.722 -1.352
p.fac1[3,2]    0.376 -1.736 -1.844
p.fac1[4,2]    1.028 -2.277 -1.683
p.fac1[1,3]   -0.528  0.246  2.365
p.fac1[2,3]    0.727  1.274  1.956
p.fac1[3,3]    0.258  0.294  1.065
p.fac1[4,3]   -0.297  0.948  1.208
p.fac2[1,1]   -1.798  1.503  0.801
p.fac2[2,1]   -1.073  0.305  1.817
p.fac2[3,1]   -1.239  1.795 -0.334
p.fac2[4,1]   -0.772  2.097 -0.625
p.fac2[5,1]    0.183  0.202  1.257
p.fac2[6,1]   -1.758 -0.537  1.775
p.fac2[7,1]    0.495 -0.142  1.100
p.fac2[8,1]    0.936 -0.251 -0.101
p.fac2[9,1]    0.415 -0.125  0.155
p.fac2[1,2]    1.202 -1.727 -1.446
p.fac2[2,2]    0.195 -1.923 -0.823
p.fac2[3,2]    1.524 -1.769 -0.505
p.fac2[4,2]    1.001 -1.883 -0.955
p.fac2[5,2]    0.634 -2.063 -2.721
p.fac2[6,2]    1.964 -1.450 -2.986
p.fac2[7,2]    0.913 -1.605 -1.793
p.fac2[8,2]    1.044 -2.025 -0.791
p.fac2[9,2]    0.300 -2.468 -2.133
p.fac2[1,3]   -0.134  0.736  1.715
p.fac2[2,3]    0.301  1.564 -0.488
p.fac2[3,3]   -1.541  1.029  1.113
p.fac2[4,3]   -0.508  0.766  2.254
p.fac2[5,3]   -1.108  2.743  2.751
p.fac2[6,3]   -0.821  2.223  2.882
p.fac2[7,3]   -0.823  1.538  1.330
p.fac2[8,3]   -0.916  1.555  0.699
p.fac2[9,3]   -0.447  2.206  2.398
p.global[1]   -0.365  2.223  0.363
p.global[2]    1.357 -1.046 -1.544
p.global[3]   -0.533 -0.469  1.311
