
################################################################################
# Gelman-Rubin Diagnostic
################################################################################

Generally the Gelman diagnostic should be < 1.05


Out of 319 variables: 64 > 1.01

                      
0 > 1.05

                      
0 > 1.1


The worst variables are:

              Point est. Upper C.I.
ilr.fac1[4,2]   1.043449   1.112293
p.global[1]     1.041713   1.080167
ilr.fac1[2,2]   1.040642   1.081424
ilr.cont1[2]    1.035389   1.118708
fac1.sig        1.031347   1.066650
ilr.fac1[4,1]   1.023852   1.070160
ilr.fac1[1,2]   1.022580   1.056043
p.global[3]     1.021453   1.034816
p.fac2[9,2]     1.021194   1.047098
ilr.global[2]   1.020820   1.052451


And here are the Gelman diagnostics for all variables:

              Point est. Upper C.I.
deviance       1.0005068  1.0033309
fac1.sig       1.0313471  1.0666496
fac2.sig       1.0072523  1.0176818
ilr.cont1[1]   1.0168638  1.0581143
ilr.cont1[2]   1.0353886  1.1187078
ilr.fac1[1,1]  1.0095482  1.0096355
ilr.fac1[2,1]  1.0145604  1.0218545
ilr.fac1[3,1]  1.0146659  1.0256400
ilr.fac1[4,1]  1.0238516  1.0701598
ilr.fac1[1,2]  1.0225798  1.0560435
ilr.fac1[2,2]  1.0406416  1.0814239
ilr.fac1[3,2]  1.0149632  1.0267055
ilr.fac1[4,2]  1.0434491  1.1122930
ilr.fac2[1,1]  1.0034141  1.0105011
ilr.fac2[2,1]  1.0026581  1.0032606
ilr.fac2[3,1]  1.0028055  1.0110974
ilr.fac2[4,1]  1.0054086  1.0116322
ilr.fac2[5,1]  1.0009690  1.0024239
ilr.fac2[6,1]  1.0021814  1.0040650
ilr.fac2[7,1]  1.0036874  1.0111681
ilr.fac2[8,1]  1.0008731  1.0039865
ilr.fac2[9,1]  1.0090486  1.0115663
ilr.fac2[1,2]  0.9999550  1.0000782
ilr.fac2[2,2]  1.0155415  1.0254368
ilr.fac2[3,2]  1.0147784  1.0151713
ilr.fac2[4,2]  1.0083398  1.0146463
ilr.fac2[5,2]  1.0026693  1.0063170
ilr.fac2[6,2]  1.0012006  1.0051945
ilr.fac2[7,2]  1.0033943  1.0047803
ilr.fac2[8,2]  1.0006220  1.0031305
ilr.fac2[9,2]  1.0138745  1.0260124
ilr.global[1]  1.0190698  1.0493503
ilr.global[2]  1.0208197  1.0524507
loglik[1]      1.0014586  1.0069491
loglik[2]      1.0021272  1.0101627
loglik[3]      1.0035578  1.0088195
loglik[4]      1.0020411  1.0092952
loglik[5]      1.0038415  1.0121987
loglik[6]      1.0039358  1.0099316
loglik[7]      1.0026374  1.0108515
loglik[8]      1.0018395  1.0046172
loglik[9]      1.0012382  1.0043094
loglik[10]     1.0023259  1.0093219
loglik[11]     1.0031519  1.0090649
loglik[12]     1.0029613  1.0041435
loglik[13]     1.0013745  1.0035449
loglik[14]     1.0032920  1.0050779
loglik[15]     1.0038299  1.0074848
loglik[16]     1.0023428  1.0078080
loglik[17]     1.0027289  1.0048265
loglik[18]     1.0035145  1.0097250
loglik[19]     1.0035269  1.0119065
loglik[20]     1.0074270  1.0235149
loglik[21]     1.0019065  1.0079921
loglik[22]     1.0045738  1.0141679
loglik[23]     0.9995928  1.0002440
loglik[24]     1.0008888  1.0013591
loglik[25]     1.0032704  1.0104453
loglik[26]     1.0050504  1.0186013
loglik[27]     1.0012886  1.0036775
loglik[28]     1.0027985  1.0042927
loglik[29]     1.0062974  1.0231734
loglik[30]     1.0027746  1.0117810
loglik[31]     1.0018915  1.0051280
loglik[32]     1.0030892  1.0078143
loglik[33]     1.0086303  1.0255955
loglik[34]     1.0009693  1.0054205
loglik[35]     1.0039150  1.0156607
loglik[36]     1.0010111  1.0012243
loglik[37]     1.0022522  1.0092399
loglik[38]     1.0005620  1.0020097
loglik[39]     1.0043626  1.0167585
loglik[40]     1.0022576  1.0047539
loglik[41]     1.0127023  1.0326625
loglik[42]     1.0006512  1.0017100
loglik[43]     1.0107384  1.0349957
loglik[44]     1.0016057  1.0029497
loglik[45]     0.9996032  1.0011452
loglik[46]     1.0043923  1.0176140
loglik[47]     0.9994756  0.9999605
loglik[48]     1.0006539  1.0045860
loglik[49]     0.9993516  0.9994131
loglik[50]     1.0105097  1.0344766
loglik[51]     1.0183678  1.0656965
loglik[52]     1.0045754  1.0099733
loglik[53]     1.0003762  1.0025881
loglik[54]     1.0028103  1.0091928
loglik[55]     1.0028400  1.0096586
loglik[56]     1.0021977  1.0031408
loglik[57]     1.0012498  1.0034386
loglik[58]     1.0035207  1.0085233
loglik[59]     1.0024920  1.0074157
loglik[60]     1.0036923  1.0097770
loglik[61]     1.0015617  1.0061702
p.fac1[1,1]    1.0045797  1.0182467
p.fac1[2,1]    1.0074134  1.0118627
p.fac1[3,1]    1.0084928  1.0103572
p.fac1[4,1]    1.0026106  1.0120838
p.fac1[1,2]    1.0101999  1.0353191
p.fac1[2,2]    1.0085931  1.0290586
p.fac1[3,2]    1.0122505  1.0275617
p.fac1[4,2]    1.0194457  1.0465577
p.fac1[1,3]    1.0153857  1.0494861
p.fac1[2,3]    1.0117389  1.0242752
p.fac1[3,3]    1.0097037  1.0200241
p.fac1[4,3]    1.0188126  1.0552447
p.fac2[1,1]    1.0039066  1.0137966
p.fac2[2,1]    1.0063989  1.0222663
p.fac2[3,1]    0.9990910  0.9991307
p.fac2[4,1]    1.0004966  1.0024255
p.fac2[5,1]    1.0084470  1.0276077
p.fac2[6,1]    1.0040429  1.0163638
p.fac2[7,1]    1.0000870  1.0029546
p.fac2[8,1]    1.0003694  1.0033637
p.fac2[9,1]    1.0012212  1.0022779
p.fac2[1,2]    1.0164863  1.0447389
p.fac2[2,2]    1.0067558  1.0148242
p.fac2[3,2]    1.0105512  1.0383800
p.fac2[4,2]    1.0149353  1.0508946
p.fac2[5,2]    1.0127535  1.0407403
p.fac2[6,2]    1.0150886  1.0393089
p.fac2[7,2]    1.0166496  1.0442471
p.fac2[8,2]    1.0153603  1.0409265
p.fac2[9,2]    1.0211942  1.0470979
p.fac2[1,3]    1.0173530  1.0622966
p.fac2[2,3]    1.0090184  1.0231212
p.fac2[3,3]    1.0107973  1.0410704
p.fac2[4,3]    1.0155330  1.0573168
p.fac2[5,3]    1.0188008  1.0650761
p.fac2[6,3]    1.0153393  1.0468489
p.fac2[7,3]    1.0104720  1.0318119
p.fac2[8,3]    1.0157879  1.0567807
p.fac2[9,3]    1.0130226  1.0358350
p.global[1]    1.0417129  1.0801675
p.global[2]    1.0079007  1.0208494
p.global[3]    1.0214534  1.0348159
p.ind[1,1]     1.0047192  1.0159248
p.ind[2,1]     1.0046797  1.0158146
p.ind[3,1]     1.0045572  1.0154927
p.ind[4,1]     1.0046381  1.0157041
p.ind[5,1]     1.0044861  1.0153080
p.ind[6,1]     1.0045579  1.0154945
p.ind[7,1]     1.0044297  1.0151619
p.ind[8,1]     1.0044086  1.0151072
p.ind[9,1]     1.0044626  1.0152471
p.ind[10,1]    1.0043118  1.0148564
p.ind[11,1]    1.0041406  1.0144116
p.ind[12,1]    1.0041465  1.0144270
p.ind[13,1]    1.0042524  1.0147023
p.ind[14,1]    1.0039288  1.0138577
p.ind[15,1]    1.0038506  1.0136517
p.ind[16,1]    1.0038920  1.0137608
p.ind[17,1]    1.0039949  1.0140310
p.ind[18,1]    1.0034893  1.0126886
p.ind[19,1]    1.0035433  1.0128339
p.ind[20,1]    1.0033808  1.0123951
p.ind[21,1]    1.0100993  1.0321881
p.ind[22,1]    1.0091991  1.0289456
p.ind[23,1]    1.0104137  1.0335620
p.ind[24,1]    1.0075664  1.0236556
p.ind[25,1]    1.0064952  1.0192498
p.ind[26,1]    1.0102326  1.0327319
p.ind[27,1]    1.0074991  1.0222513
p.ind[28,1]    1.0075664  1.0236556
p.ind[29,1]    1.0101564  1.0324169
p.ind[30,1]    1.0094863  1.0299337
p.ind[31,1]    1.0082254  1.0246173
p.ind[32,1]    1.0071453  1.0223410
p.ind[33,1]    1.0102326  1.0327319
p.ind[34,1]    1.0057740  1.0171892
p.ind[35,1]    1.0082624  1.0247461
p.ind[36,1]    1.0079282  1.0236172
p.ind[37,1]    1.0080202  1.0239209
p.ind[38,1]    1.0080641  1.0240672
p.ind[39,1]    1.0078800  1.0234598
p.ind[40,1]    1.0021390  1.0104027
p.ind[41,1]    1.0018275  1.0083036
p.ind[42,1]    1.0009426  1.0056098
p.ind[43,1]    1.0038316  1.0144140
p.ind[44,1]    1.0012254  1.0064670
p.ind[45,1]    0.9998916  1.0022009
p.ind[46,1]    1.0029555  1.0112219
p.ind[47,1]    1.0038401  1.0136240
p.ind[48,1]    1.0034378  1.0125494
p.ind[49,1]    1.0000545  1.0020216
p.ind[50,1]    1.0006304  1.0037856
p.ind[51,1]    0.9999578  1.0010820
p.ind[52,1]    1.0002422  1.0003214
p.ind[53,1]    1.0028106  1.0128272
p.ind[54,1]    0.9999593  1.0023582
p.ind[55,1]    1.0028803  1.0115201
p.ind[56,1]    1.0006337  1.0046850
p.ind[57,1]    0.9998694  1.0019934
p.ind[58,1]    1.0018747  1.0092247
p.ind[59,1]    1.0018747  1.0092247
p.ind[60,1]    1.0017952  1.0089701
p.ind[61,1]    1.0034378  1.0125494
p.ind[1,2]     1.0067927  1.0182131
p.ind[2,2]     1.0057636  1.0157513
p.ind[3,2]     1.0046138  1.0131681
p.ind[4,2]     1.0052498  1.0145706
p.ind[5,2]     1.0042308  1.0123662
p.ind[6,2]     1.0046183  1.0131778
p.ind[7,2]     1.0039936  1.0118918
p.ind[8,2]     1.0039159  1.0117412
p.ind[9,2]     1.0041262  1.0121546
p.ind[10,2]    1.0036199  1.0111957
p.ind[11,2]    1.0032673  1.0106427
p.ind[12,2]    1.0032768  1.0106552
p.ind[13,2]    1.0034768  1.0109541
p.ind[14,2]    1.0030253  1.0104248
p.ind[15,2]    1.0029743  1.0104369
p.ind[16,2]    1.0029991  1.0104252
p.ind[17,2]    1.0030830  1.0104499
p.ind[18,2]    1.0029268  1.0109509
p.ind[19,2]    1.0029175  1.0108338
p.ind[20,2]    1.0029597  1.0112222
p.ind[21,2]    1.0126544  1.0360034
p.ind[22,2]    1.0128118  1.0374729
p.ind[23,2]    1.0126298  1.0352870
p.ind[24,2]    1.0131196  1.0396149
p.ind[25,2]    1.0048840  1.0163266
p.ind[26,2]    1.0126376  1.0357301
p.ind[27,2]    1.0046962  1.0152434
p.ind[28,2]    1.0131196  1.0396149
p.ind[29,2]    1.0126466  1.0358898
p.ind[30,2]    1.0127586  1.0370462
p.ind[31,2]    1.0046880  1.0147187
p.ind[32,2]    1.0131993  1.0401319
p.ind[33,2]    1.0126376  1.0357301
p.ind[34,2]    1.0050670  1.0172177
p.ind[35,2]    1.0046946  1.0147056
p.ind[36,2]    1.0046668  1.0148853
p.ind[37,2]    1.0046684  1.0148240
p.ind[38,2]    1.0046706  1.0147975
p.ind[39,2]    1.0046673  1.0149201
p.ind[40,2]    0.9993709  1.0000028
p.ind[41,2]    1.0034665  1.0093749
p.ind[42,2]    1.0032122  1.0068770
p.ind[43,2]    1.0054288  1.0176685
p.ind[44,2]    1.0031998  1.0075015
p.ind[45,2]    1.0031767  1.0081522
p.ind[46,2]    1.0032416  1.0126775
p.ind[47,2]    1.0029688  1.0104417
p.ind[48,2]    1.0029401  1.0110741
p.ind[49,2]    1.0009665  1.0037483
p.ind[50,2]    1.0077054  1.0292036
p.ind[51,2]    1.0105650  1.0387794
p.ind[52,2]    1.0060172  1.0128024
p.ind[53,2]    1.0008126  1.0044111
p.ind[54,2]    1.0031818  1.0100871
p.ind[55,2]    1.0043819  1.0134938
p.ind[56,2]    1.0034486  1.0066163
p.ind[57,2]    1.0002914  1.0005369
p.ind[58,2]    1.0023709  1.0065733
p.ind[59,2]    1.0023709  1.0065733
p.ind[60,2]    1.0075388  1.0184010
p.ind[61,2]    1.0029401  1.0110741
p.ind[1,3]     1.0084162  1.0257447
p.ind[2,3]     1.0059489  1.0171507
p.ind[3,3]     1.0029977  1.0075866
p.ind[4,3]     1.0046273  1.0127542
p.ind[5,3]     1.0020845  1.0048713
p.ind[6,3]     1.0030090  1.0076209
p.ind[7,3]     1.0015768  1.0034607
p.ind[8,3]     1.0014248  1.0030608
p.ind[9,3]     1.0018535  1.0042177
p.ind[10,3]    1.0009364  1.0019171
p.ind[11,3]    1.0006624  1.0017971
p.ind[12,3]    1.0006628  1.0017725
p.ind[13,3]    1.0007713  1.0016536
p.ind[14,3]    1.0009318  1.0035273
p.ind[15,3]    1.0011314  1.0044605
p.ind[16,3]    1.0010208  1.0039525
p.ind[17,3]    1.0007983  1.0028403
p.ind[18,3]    1.0023930  1.0096795
p.ind[19,3]    1.0021830  1.0088481
p.ind[20,3]    1.0028260  1.0113692
p.ind[21,3]    1.0027405  1.0094067
p.ind[22,3]    1.0049722  1.0184878
p.ind[23,3]    1.0020276  1.0063757
p.ind[24,3]    1.0080697  1.0305377
p.ind[25,3]    1.0007646  1.0042268
p.ind[26,3]    1.0024064  1.0080065
p.ind[27,3]    0.9998954  1.0008793
p.ind[28,3]    1.0080697  1.0305377
p.ind[29,3]    1.0025951  1.0087998
p.ind[30,3]    1.0042972  1.0157808
p.ind[31,3]    0.9998118  1.0005369
p.ind[32,3]    1.0087072  1.0329478
p.ind[33,3]    1.0024064  1.0080065
p.ind[34,3]    1.0015308  1.0071631
p.ind[35,3]    0.9998391  1.0006390
p.ind[36,3]    0.9997350  1.0002548
p.ind[37,3]    0.9997363  1.0002569
p.ind[38,3]    0.9997432  1.0002817
p.ind[39,3]    0.9997406  1.0002776
p.ind[40,3]    1.0028639  1.0083519
p.ind[41,3]    1.0109002  1.0388610
p.ind[42,3]    1.0060599  1.0196455
p.ind[43,3]    1.0174536  1.0635481
p.ind[44,3]    1.0077586  1.0265013
p.ind[45,3]    1.0020338  1.0080773
p.ind[46,3]    1.0045623  1.0179413
p.ind[47,3]    1.0011611  1.0045940
p.ind[48,3]    1.0025974  1.0104805
p.ind[49,3]    1.0003385  1.0024676
p.ind[50,3]    1.0126521  1.0466934
p.ind[51,3]    1.0151874  1.0550679
p.ind[52,3]    1.0025104  1.0080743
p.ind[53,3]    1.0073407  1.0262988
p.ind[54,3]    1.0024350  1.0100897
p.ind[55,3]    1.0149958  1.0544401
p.ind[56,3]    1.0040388  1.0113101
p.ind[57,3]    1.0004917  1.0017848
p.ind[58,3]    1.0024630  1.0028540
p.ind[59,3]    1.0024630  1.0028540
p.ind[60,3]    1.0061658  1.0142627
p.ind[61,3]    1.0025974  1.0104805

################################################################################
# Geweke Diagnostic
################################################################################

The Geweke diagnostic is a standard z-score, so we'd expect 5% to be outside +/-1.96
Number of variables outside +/-1.96 in each chain (out of 
319
):


       Chain 1 Chain 2 Chain 3
Geweke      10      23      10


And here are the Geweke diagnostics for all variables:

              chain1 chain2 chain3
deviance      -0.522 -1.439  0.342
fac1.sig      -0.324  0.672  0.549
fac2.sig       0.397 -0.357 -1.167
ilr.cont1[1]  -0.134 -0.561  1.313
ilr.cont1[2]   0.152  1.054 -0.839
ilr.fac1[1,1]  0.654 -0.864 -2.415
ilr.fac1[2,1]  0.582  0.745  0.904
ilr.fac1[3,1]  0.960  0.384 -0.714
ilr.fac1[4,1]  0.187 -0.954  1.396
ilr.fac1[1,2]  1.445 -1.472  0.062
ilr.fac1[2,2]  0.832 -1.529 -0.320
ilr.fac1[3,2]  1.764 -1.592 -0.545
ilr.fac1[4,2]  0.821 -0.993 -0.184
ilr.fac2[1,1]  1.297 -1.681  0.469
ilr.fac2[2,1] -0.598 -0.153  1.609
ilr.fac2[3,1]  0.820  1.694 -0.985
ilr.fac2[4,1] -0.198 -1.328  0.139
ilr.fac2[5,1]  2.376  1.006  1.295
ilr.fac2[6,1]  1.023 -0.197 -2.320
ilr.fac2[7,1]  0.974 -0.235  0.558
ilr.fac2[8,1] -0.462  0.128 -0.876
ilr.fac2[9,1]  0.914  0.279  0.650
ilr.fac2[1,2]  0.371  0.780  0.147
ilr.fac2[2,2]  0.387 -0.615  0.237
ilr.fac2[3,2]  0.971 -1.454  0.487
ilr.fac2[4,2]  1.659  0.329 -0.150
ilr.fac2[5,2] -0.218  0.291  1.667
ilr.fac2[6,2] -0.464  0.796  1.881
ilr.fac2[7,2]  0.508  1.757  0.645
ilr.fac2[8,2] -0.944  1.577  0.821
ilr.fac2[9,2] -0.487 -0.270 -0.350
ilr.global[1] -1.012  1.275 -0.261
ilr.global[2] -1.458  1.245 -0.131
loglik[1]      0.294  1.306 -0.580
loglik[2]      0.454  0.939 -0.368
loglik[3]      0.255  1.266 -1.252
loglik[4]      0.378  1.029 -0.531
loglik[5]     -0.482  0.846 -1.049
loglik[6]      0.165  1.239 -1.259
loglik[7]      0.331  0.661 -0.570
loglik[8]      0.232  1.157 -0.979
loglik[9]      0.325  0.689  0.883
loglik[10]     0.873  1.315 -0.823
loglik[11]     0.657  0.941 -1.313
loglik[12]     0.910  1.061 -1.974
loglik[13]    -0.289  0.519 -1.174
loglik[14]     1.082  0.804 -2.068
loglik[15]     0.206 -0.049 -2.255
loglik[16]     1.494  1.457 -1.124
loglik[17]    -0.018 -0.033 -2.090
loglik[18]     0.272 -0.183 -2.130
loglik[19]    -0.656 -0.963 -1.791
loglik[20]     0.364 -0.412 -1.844
loglik[21]     0.620 -0.758  0.070
loglik[22]    -1.254  0.629  0.705
loglik[23]     1.060  1.165 -0.497
loglik[24]    -0.990  0.813  0.296
loglik[25]    -0.234 -0.042 -1.651
loglik[26]     1.586 -0.541 -1.403
loglik[27]    -0.353  0.106 -1.091
loglik[28]     1.014 -0.359 -0.422
loglik[29]    -1.335  1.342  2.223
loglik[30]     1.284  0.655 -1.665
loglik[31]    -0.554  1.106 -1.002
loglik[32]     0.497 -0.257  0.333
loglik[33]     1.326 -0.795 -1.698
loglik[34]     0.374 -0.897  0.092
loglik[35]     1.147 -0.631 -0.586
loglik[36]    -0.712  1.459 -1.703
loglik[37]    -1.558  2.042  1.114
loglik[38]    -1.372  2.057 -0.727
loglik[39]     1.413 -0.961 -0.702
loglik[40]     0.267  1.219 -1.645
loglik[41]     0.086 -2.156 -0.544
loglik[42]    -1.017 -1.217  0.614
loglik[43]     0.415 -0.923 -0.818
loglik[44]     0.644  0.230 -0.003
loglik[45]     0.796  0.064 -0.280
loglik[46]     2.390  2.183  0.139
loglik[47]     1.374  1.346  0.606
loglik[48]     2.236  1.885  0.170
loglik[49]    -0.031  0.269  0.323
loglik[50]     1.256  2.200 -0.240
loglik[51]     0.296  1.438  0.104
loglik[52]     1.183 -0.439  0.930
loglik[53]    -1.570  0.562 -1.007
loglik[54]    -1.294  0.333 -0.836
loglik[55]     0.492 -0.136 -0.150
loglik[56]    -1.111  0.163  0.265
loglik[57]     0.582 -1.477 -1.140
loglik[58]     0.737 -0.379  0.213
loglik[59]     0.562 -0.527  0.179
loglik[60]     1.283 -0.309  0.309
loglik[61]     2.866  2.474 -0.241
p.fac1[1,1]   -0.622 -0.796 -2.472
p.fac1[2,1]   -2.346  0.924 -0.431
p.fac1[3,1]   -1.680  1.527 -0.755
p.fac1[4,1]   -1.757  0.424  0.516
p.fac1[1,2]    0.267 -1.813  0.439
p.fac1[2,2]    0.684 -1.553  0.282
p.fac1[3,2]   -0.546 -1.009 -0.096
p.fac1[4,2]    0.589  0.289 -1.155
p.fac1[1,3]    0.136  1.498  0.839
p.fac1[2,3]    0.514  0.731  0.130
p.fac1[3,3]    1.374  0.157  0.895
p.fac1[4,3]    0.231 -0.594  0.663
p.fac2[1,1]   -0.369  0.256  0.647
p.fac2[2,1]   -1.211  0.224 -0.378
p.fac2[3,1]   -1.686  1.749 -0.968
p.fac2[4,1]   -1.910  1.086 -0.634
p.fac2[5,1]    0.073 -0.651 -1.507
p.fac2[6,1]   -1.011 -0.983 -1.703
p.fac2[7,1]   -0.816  0.685  0.846
p.fac2[8,1]   -2.138  0.865  0.530
p.fac2[9,1]   -1.525  0.422  0.501
p.fac2[1,2]    0.433  0.497 -1.103
p.fac2[2,2]   -0.791 -0.519 -0.414
p.fac2[3,2]    0.356 -2.500  0.478
p.fac2[4,2]    0.504 -1.499  0.136
p.fac2[5,2]   -0.535 -2.090  0.977
p.fac2[6,2]   -0.065 -1.166  1.173
p.fac2[7,2]    0.499  0.744 -1.003
p.fac2[8,2]    0.314  0.248 -1.209
p.fac2[9,2]    0.224  0.321 -1.474
p.fac2[1,3]   -0.147 -1.136  0.614
p.fac2[2,3]    1.372  0.371  0.592
p.fac2[3,3]    0.177  1.514  0.005
p.fac2[4,3]    0.052  1.267  0.211
p.fac2[5,3]    0.378  1.386 -0.173
p.fac2[6,3]    0.630  1.388 -0.265
p.fac2[7,3]   -0.076 -1.402  0.394
p.fac2[8,3]    0.723 -0.890  0.842
p.fac2[9,3]    0.422 -0.544  1.470
p.global[1]   -2.550  1.700  0.281
p.global[2]   -0.619 -0.076 -0.724
p.global[3]    2.237 -1.083 -0.068
p.ind[1,1]    -0.129  0.371  0.156
p.ind[2,1]    -0.117  0.384  0.090
p.ind[3,1]    -0.109  0.348  0.001
p.ind[4,1]    -0.113  0.391  0.053
p.ind[5,1]    -0.107  0.353 -0.035
p.ind[6,1]    -0.109  0.348  0.002
p.ind[7,1]    -0.107  0.356 -0.061
p.ind[8,1]    -0.107  0.357 -0.070
p.ind[9,1]    -0.107  0.354 -0.046
p.ind[10,1]   -0.108  0.361 -0.109
p.ind[11,1]   -0.111  0.366 -0.172
p.ind[12,1]   -0.111  0.366 -0.169
p.ind[13,1]   -0.108  0.363 -0.132
p.ind[14,1]   -0.117  0.371 -0.242
p.ind[15,1]   -0.120  0.373 -0.267
p.ind[16,1]   -0.118  0.372 -0.254
p.ind[17,1]   -0.115  0.370 -0.221
p.ind[18,1]   -0.144  0.377 -0.381
p.ind[19,1]   -0.141  0.377 -0.364
p.ind[20,1]   -0.149  0.378 -0.414
p.ind[21,1]   -0.566  1.020  0.493
p.ind[22,1]   -0.690  1.122  0.380
p.ind[23,1]   -0.396  0.950  0.560
p.ind[24,1]   -0.856  1.311  0.232
p.ind[25,1]   -1.067  2.463  0.077
p.ind[26,1]   -0.437  0.996  0.517
p.ind[27,1]   -0.944  2.388  0.172
p.ind[28,1]   -0.856  1.311  0.232
p.ind[29,1]   -0.555  1.010  0.503
p.ind[30,1]   -0.655  1.096  0.411
p.ind[31,1]   -0.830  2.042  0.257
p.ind[32,1]   -0.886  1.318  0.197
p.ind[33,1]   -0.437  0.996  0.517
p.ind[34,1]   -1.144  2.491  0.015
p.ind[35,1]   -0.823  2.031  0.262
p.ind[36,1]   -0.881  2.335  0.219
p.ind[37,1]   -0.866  2.321  0.230
p.ind[38,1]   -0.858  2.084  0.236
p.ind[39,1]   -0.888  2.342  0.213
p.ind[40,1]   -2.447 -0.958 -0.725
p.ind[41,1]    0.847 -0.686 -0.288
p.ind[42,1]    0.824 -0.599 -0.052
p.ind[43,1]    0.627 -0.770 -0.654
p.ind[44,1]    0.806 -0.634 -0.144
p.ind[45,1]   -1.924  1.110 -0.528
p.ind[46,1]   -0.170  0.378 -0.549
p.ind[47,1]   -0.118  0.373 -0.271
p.ind[48,1]   -0.146  0.378 -0.397
p.ind[49,1]   -0.766  1.036 -0.045
p.ind[50,1]   -0.356  0.255 -1.446
p.ind[51,1]   -0.439  0.216 -2.072
p.ind[52,1]   -1.252  0.623  0.442
p.ind[53,1]   -2.621 -1.099 -0.877
p.ind[54,1]   -1.814  1.094 -0.645
p.ind[55,1]    0.724 -0.741 -0.495
p.ind[56,1]    0.842 -0.543  0.076
p.ind[57,1]   -1.741  0.208  0.142
p.ind[58,1]   -1.376 -0.767 -0.632
p.ind[59,1]   -1.376 -0.767 -0.632
p.ind[60,1]   -0.931 -0.583 -0.387
p.ind[61,1]   -0.146  0.378 -0.397
p.ind[1,2]    -0.005 -0.075 -0.414
p.ind[2,2]    -0.074 -0.157 -0.326
p.ind[3,2]    -0.161 -0.264 -0.211
p.ind[4,2]    -0.111 -0.202 -0.278
p.ind[5,2]    -0.194 -0.307 -0.165
p.ind[6,2]    -0.161 -0.264 -0.211
p.ind[7,2]    -0.216 -0.337 -0.132
p.ind[8,2]    -0.224 -0.347 -0.121
p.ind[9,2]    -0.204 -0.320 -0.151
p.ind[10,2]   -0.256 -0.390 -0.073
p.ind[11,2]   -0.301 -0.597  0.001
p.ind[12,2]   -0.300 -0.594 -0.001
p.ind[13,2]   -0.273 -0.415 -0.046
p.ind[14,2]   -0.339 -0.688  0.083
p.ind[15,2]   -0.353 -0.719  0.112
p.ind[16,2]   -0.346 -0.703  0.097
p.ind[17,2]   -0.326 -0.661  0.059
p.ind[18,2]   -0.410 -0.846  0.236
p.ind[19,2]   -0.402 -0.828  0.218
p.ind[20,2]   -0.424 -0.881  0.272
p.ind[21,2]    0.590 -0.590 -0.878
p.ind[22,2]    0.595 -0.730 -0.733
p.ind[23,2]    0.584 -0.555 -0.976
p.ind[24,2]    0.596 -0.881 -0.570
p.ind[25,2]    0.548 -1.619 -0.412
p.ind[26,2]    0.589 -0.557 -0.912
p.ind[27,2]    0.544 -1.522 -0.516
p.ind[28,2]    0.596 -0.881 -0.570
p.ind[29,2]    0.590 -0.577 -0.892
p.ind[30,2]    0.594 -0.694 -0.771
p.ind[31,2]    0.538 -1.424 -0.622
p.ind[32,2]    0.596 -0.913 -0.534
p.ind[33,2]    0.589 -0.557 -0.912
p.ind[34,2]    0.548 -1.678 -0.350
p.ind[35,2]    0.538 -1.418 -0.629
p.ind[36,2]    0.541 -1.469 -0.573
p.ind[37,2]    0.541 -1.456 -0.587
p.ind[38,2]    0.540 -1.449 -0.594
p.ind[39,2]    0.542 -1.475 -0.566
p.ind[40,2]    0.286  0.128  0.324
p.ind[41,2]   -0.645 -1.202 -0.115
p.ind[42,2]   -0.645 -0.998 -0.285
p.ind[43,2]   -0.407 -1.345  0.123
p.ind[44,2]   -0.650 -1.072 -0.215
p.ind[45,2]    0.030 -0.955  0.385
p.ind[46,2]   -0.473 -1.007  0.412
p.ind[47,2]   -0.355 -0.723  0.115
p.ind[48,2]   -0.417 -0.863  0.253
p.ind[49,2]    0.440  0.012 -0.006
p.ind[50,2]   -0.637 -1.219  1.036
p.ind[51,2]   -0.652 -1.301  1.773
p.ind[52,2]   -0.047 -0.238 -0.822
p.ind[53,2]    0.219 -0.166  0.503
p.ind[54,2]    0.016 -1.080  0.557
p.ind[55,2]   -0.648 -1.389  0.018
p.ind[56,2]   -0.634 -0.893 -0.378
p.ind[57,2]   -0.848  0.320 -1.278
p.ind[58,2]    0.324  0.397  0.111
p.ind[59,2]    0.324  0.397  0.111
p.ind[60,2]    0.303  0.587 -0.103
p.ind[61,2]   -0.417 -0.863  0.253
p.ind[1,3]     0.257 -0.305  0.951
p.ind[2,3]     0.431 -0.088  0.897
p.ind[3,3]     0.700  0.210  0.767
p.ind[4,3]     0.539  0.037  0.851
p.ind[5,3]     0.813  0.326  0.698
p.ind[6,3]     0.699  0.209  0.768
p.ind[7,3]     0.995  0.403  0.647
p.ind[8,3]     1.023  0.429  0.628
p.ind[9,3]     0.847  0.359  0.677
p.ind[10,3]    1.147  0.537  0.545
p.ind[11,3]    1.197  0.681  0.414
p.ind[12,3]    1.194  0.676  0.418
p.ind[13,3]    1.213  0.594  0.498
p.ind[14,3]    1.268  0.817  0.273
p.ind[15,3]    1.279  0.859  0.226
p.ind[16,3]    1.274  0.837  0.250
p.ind[17,3]    1.254  0.779  0.314
p.ind[18,3]    1.184  1.008  0.040
p.ind[19,3]    1.184  0.989  0.065
p.ind[20,3]    1.181  1.043 -0.008
p.ind[21,3]   -0.554 -0.056  1.132
p.ind[22,3]   -0.207  0.269  1.042
p.ind[23,3]   -0.782 -0.419  1.147
p.ind[24,3]   -0.100  0.531  0.894
p.ind[25,3]    0.115  0.747  0.622
p.ind[26,3]   -0.654 -0.146  1.142
p.ind[27,3]    0.088  0.627  0.726
p.ind[28,3]   -0.100  0.531  0.894
p.ind[29,3]   -0.605 -0.091  1.137
p.ind[30,3]   -0.256  0.194  1.072
p.ind[31,3]    0.054  0.460  0.824
p.ind[32,3]   -0.083  0.577  0.763
p.ind[33,3]   -0.654 -0.146  1.142
p.ind[34,3]    0.097  0.815  0.561
p.ind[35,3]    0.052  0.448  0.830
p.ind[36,3]    0.071  0.541  0.781
p.ind[37,3]    0.067  0.518  0.794
p.ind[38,3]    0.064  0.507  0.800
p.ind[39,3]    0.072  0.552  0.774
p.ind[40,3]    0.777  0.466  0.408
p.ind[41,3]    0.176  2.117  0.607
p.ind[42,3]   -0.040  2.106  0.841
p.ind[43,3]    0.198  2.231  0.360
p.ind[44,3]    0.047  1.977  0.804
p.ind[45,3]    0.987  0.399 -0.222
p.ind[46,3]    1.153  1.151 -0.170
p.ind[47,3]    1.280  0.864  0.220
p.ind[48,3]    1.183  1.025  0.016
p.ind[49,3]   -0.121 -0.556  0.028
p.ind[50,3]    0.638  1.388 -0.699
p.ind[51,3]    0.588  1.375 -0.701
p.ind[52,3]    0.656 -0.023  0.790
p.ind[53,3]    0.748  0.671  0.165
p.ind[54,3]    1.004  0.523 -0.362
p.ind[55,3]    0.169  2.169  0.460
p.ind[56,3]   -0.181  2.003  0.876
p.ind[57,3]    1.945 -0.449  1.432
p.ind[58,3]    0.718  0.093  0.674
p.ind[59,3]    0.718  0.093  0.674
p.ind[60,3]    0.447 -0.265  0.820
p.ind[61,3]    1.183  1.025  0.016
