
################################################################################
# Gelman-Rubin Diagnostic
################################################################################

Generally the Gelman diagnostic should be < 1.05


Out of 653 variables: 86 > 1.01

                      
0 > 1.05

                      
0 > 1.1


The worst variables are:

              Point est. Upper C.I.
ilr.cont1[2]    1.038328   1.092998
ilr.global[1]   1.025487   1.068867
p.ind[64,1]     1.018205   1.061263
p.fac1[3,1]     1.018095   1.056710
p.fac2[9,1]     1.017814   1.059847
p.ind[65,1]     1.017552   1.059094
ilr.global[2]   1.017064   1.039527
p.fac1[8,1]     1.016532   1.053871
p.fac1[7,1]     1.016477   1.046656
p.ind[55,1]     1.016305   1.048806


And here are the Gelman diagnostics for all variables:

               Point est. Upper C.I.
deviance        0.9996388  1.0008392
fac1.sig        1.0032459  1.0099576
fac2.sig        1.0018709  1.0087768
ilr.cont1[1]    1.0115606  1.0383939
ilr.cont1[2]    1.0383279  1.0929983
ilr.cont1[3]    1.0094464  1.0166793
ilr.fac1[1,1]   1.0048475  1.0064775
ilr.fac1[2,1]   1.0061268  1.0121159
ilr.fac1[3,1]   1.0002793  1.0023217
ilr.fac1[4,1]   1.0065839  1.0131380
ilr.fac1[5,1]   1.0016071  1.0020172
ilr.fac1[6,1]   0.9996565  1.0010035
ilr.fac1[7,1]   1.0077906  1.0198683
ilr.fac1[8,1]   1.0059413  1.0199751
ilr.fac1[1,2]   1.0015289  1.0070492
ilr.fac1[2,2]   1.0010379  1.0056252
ilr.fac1[3,2]   1.0015001  1.0042905
ilr.fac1[4,2]   1.0029960  1.0111080
ilr.fac1[5,2]   1.0042415  1.0100280
ilr.fac1[6,2]   0.9997767  1.0010477
ilr.fac1[7,2]   1.0001670  1.0020883
ilr.fac1[8,2]   0.9996489  0.9999273
ilr.fac1[1,3]   1.0023290  1.0043417
ilr.fac1[2,3]   1.0018363  1.0039321
ilr.fac1[3,3]   1.0002339  1.0010993
ilr.fac1[4,3]   1.0025858  1.0061167
ilr.fac1[5,3]   1.0048381  1.0103935
ilr.fac1[6,3]   1.0083823  1.0154574
ilr.fac1[7,3]   1.0002937  1.0006617
ilr.fac1[8,3]   1.0031746  1.0099379
ilr.fac2[1,1]   1.0009548  1.0029539
ilr.fac2[2,1]   1.0018155  1.0083234
ilr.fac2[3,1]   1.0009937  1.0018394
ilr.fac2[4,1]   1.0013416  1.0031229
ilr.fac2[5,1]   1.0030823  1.0091433
ilr.fac2[6,1]   1.0064902  1.0259989
ilr.fac2[7,1]   1.0034195  1.0146462
ilr.fac2[8,1]   1.0005112  1.0015998
ilr.fac2[9,1]   1.0009192  1.0012728
ilr.fac2[10,1]  1.0024900  1.0052196
ilr.fac2[11,1]  1.0009646  1.0060611
ilr.fac2[12,1]  1.0014253  1.0032739
ilr.fac2[13,1]  1.0099217  1.0303792
ilr.fac2[14,1]  1.0002187  1.0018410
ilr.fac2[15,1]  1.0025441  1.0077033
ilr.fac2[16,1]  1.0010404  1.0043816
ilr.fac2[17,1]  1.0040368  1.0169738
ilr.fac2[1,2]   1.0025863  1.0114537
ilr.fac2[2,2]   1.0005732  1.0044957
ilr.fac2[3,2]   0.9995528  0.9996599
ilr.fac2[4,2]   1.0017145  1.0070622
ilr.fac2[5,2]   1.0002858  1.0027199
ilr.fac2[6,2]   1.0009352  1.0009896
ilr.fac2[7,2]   1.0010979  1.0059340
ilr.fac2[8,2]   1.0003325  1.0033365
ilr.fac2[9,2]   1.0000855  1.0006412
ilr.fac2[10,2]  0.9992111  0.9993149
ilr.fac2[11,2]  1.0027607  1.0126648
ilr.fac2[12,2]  1.0002242  1.0022807
ilr.fac2[13,2]  1.0011677  1.0048589
ilr.fac2[14,2]  1.0004722  1.0037287
ilr.fac2[15,2]  1.0000726  1.0014973
ilr.fac2[16,2]  1.0000000  1.0021139
ilr.fac2[17,2]  1.0003773  1.0020294
ilr.fac2[1,3]   0.9996284  0.9999346
ilr.fac2[2,3]   1.0002261  1.0009917
ilr.fac2[3,3]   1.0000182  1.0003153
ilr.fac2[4,3]   1.0042180  1.0046872
ilr.fac2[5,3]   1.0010092  1.0047649
ilr.fac2[6,3]   1.0020991  1.0049677
ilr.fac2[7,3]   0.9997976  1.0008975
ilr.fac2[8,3]   1.0004317  1.0031421
ilr.fac2[9,3]   0.9996154  0.9997955
ilr.fac2[10,3]  1.0009901  1.0060520
ilr.fac2[11,3]  0.9996689  1.0008771
ilr.fac2[12,3]  1.0005310  1.0042329
ilr.fac2[13,3]  1.0013018  1.0054439
ilr.fac2[14,3]  1.0028577  1.0083325
ilr.fac2[15,3]  1.0008803  1.0026017
ilr.fac2[16,3]  1.0000200  1.0026783
ilr.fac2[17,3]  1.0029921  1.0131362
ilr.global[1]   1.0254872  1.0688672
ilr.global[2]   1.0170640  1.0395272
ilr.global[3]   1.0107576  1.0254850
loglik[1]       1.0031642  1.0096249
loglik[2]       1.0014297  1.0069328
loglik[3]       1.0012589  1.0061448
loglik[4]       1.0009435  1.0051022
loglik[5]       0.9995146  0.9996302
loglik[6]       1.0003297  1.0031849
loglik[7]       1.0019521  1.0090180
loglik[8]       1.0004200  1.0040445
loglik[9]       1.0031251  1.0101223
loglik[10]      1.0009164  1.0056448
loglik[11]      1.0006642  1.0049553
loglik[12]      1.0013869  1.0058207
loglik[13]      1.0030696  1.0107666
loglik[14]      1.0001098  1.0003342
loglik[15]      1.0023302  1.0057747
loglik[16]      1.0030400  1.0078395
loglik[17]      1.0032298  1.0080389
loglik[18]      0.9994782  1.0005958
loglik[19]      1.0015988  1.0070529
loglik[20]      1.0005163  1.0033964
loglik[21]      1.0015983  1.0070505
loglik[22]      1.0016857  1.0041655
loglik[23]      1.0060513  1.0176522
loglik[24]      1.0052153  1.0174453
loglik[25]      1.0045560  1.0163665
loglik[26]      1.0065428  1.0178854
loglik[27]      1.0027758  1.0086280
loglik[28]      1.0008336  1.0048282
loglik[29]      1.0029345  1.0128543
loglik[30]      1.0003672  1.0030645
loglik[31]      1.0001078  1.0025982
loglik[32]      1.0004477  1.0038814
loglik[33]      0.9997078  1.0015917
loglik[34]      0.9999562  1.0024027
loglik[35]      1.0021300  1.0091454
loglik[36]      1.0023590  1.0050283
loglik[37]      1.0020983  1.0039652
loglik[38]      1.0006714  1.0050199
loglik[39]      1.0000049  1.0013779
loglik[40]      1.0022252  1.0090886
loglik[41]      1.0011022  1.0022537
loglik[42]      1.0000793  1.0005158
loglik[43]      1.0011559  1.0040092
loglik[44]      1.0027900  1.0062408
loglik[45]      1.0022195  1.0045057
loglik[46]      1.0004499  1.0042341
loglik[47]      1.0007011  1.0047027
loglik[48]      1.0012163  1.0031940
loglik[49]      1.0010767  1.0036615
loglik[50]      1.0013933  1.0060892
loglik[51]      1.0032961  1.0135859
loglik[52]      1.0057576  1.0192804
loglik[53]      1.0008451  1.0027381
loglik[54]      1.0051467  1.0167003
loglik[55]      1.0050886  1.0179452
loglik[56]      0.9994036  1.0001697
loglik[57]      0.9993773  0.9999498
loglik[58]      1.0007610  1.0040668
loglik[59]      0.9999562  1.0020927
loglik[60]      1.0026563  1.0031115
loglik[61]      1.0026787  1.0048513
loglik[62]      1.0022478  1.0062387
loglik[63]      1.0017444  1.0038488
loglik[64]      1.0017681  1.0067981
loglik[65]      1.0006288  1.0019848
loglik[66]      1.0006377  1.0035554
loglik[67]      1.0024761  1.0089827
loglik[68]      1.0017471  1.0036229
loglik[69]      1.0009393  1.0009428
loglik[70]      1.0010100  1.0017744
loglik[71]      0.9999560  1.0000015
loglik[72]      1.0006131  1.0022456
loglik[73]      0.9998147  1.0015734
loglik[74]      0.9995220  0.9998439
loglik[75]      1.0048205  1.0106332
loglik[76]      1.0096037  1.0233646
loglik[77]      1.0002732  1.0003994
loglik[78]      1.0009872  1.0027472
loglik[79]      1.0005491  1.0017592
loglik[80]      1.0017324  1.0080339
loglik[81]      1.0011930  1.0019038
loglik[82]      1.0039033  1.0065773
loglik[83]      0.9995378  0.9999447
loglik[84]      1.0010224  1.0024549
loglik[85]      1.0007444  1.0045911
loglik[86]      1.0020414  1.0056999
loglik[87]      0.9999553  1.0015147
loglik[88]      1.0022700  1.0063215
loglik[89]      0.9997583  1.0005183
loglik[90]      1.0001064  1.0027039
loglik[91]      1.0020309  1.0064787
loglik[92]      1.0028456  1.0092163
loglik[93]      1.0032592  1.0127013
p.fac1[1,1]     1.0102377  1.0375330
p.fac1[2,1]     1.0106550  1.0349699
p.fac1[3,1]     1.0180953  1.0567104
p.fac1[4,1]     1.0151681  1.0474021
p.fac1[5,1]     1.0127973  1.0457893
p.fac1[6,1]     1.0083483  1.0289122
p.fac1[7,1]     1.0164769  1.0466560
p.fac1[8,1]     1.0165319  1.0538705
p.fac1[1,2]     1.0059638  1.0178714
p.fac1[2,2]     1.0068051  1.0254847
p.fac1[3,2]     1.0058590  1.0208804
p.fac1[4,2]     1.0090032  1.0327662
p.fac1[5,2]     1.0055407  1.0186348
p.fac1[6,2]     1.0064313  1.0248060
p.fac1[7,2]     1.0082318  1.0296902
p.fac1[8,2]     1.0084857  1.0293611
p.fac1[1,3]     1.0043823  1.0153738
p.fac1[2,3]     1.0009739  1.0061254
p.fac1[3,3]     1.0034075  1.0123001
p.fac1[4,3]     1.0076629  1.0288542
p.fac1[5,3]     1.0028508  1.0096994
p.fac1[6,3]     1.0023715  1.0097425
p.fac1[7,3]     1.0025667  1.0072235
p.fac1[8,3]     1.0006515  1.0025466
p.fac1[1,4]     1.0092763  1.0261403
p.fac1[2,4]     1.0014201  1.0048273
p.fac1[3,4]     1.0025662  1.0109423
p.fac1[4,4]     1.0038419  1.0150311
p.fac1[5,4]     1.0040643  1.0159823
p.fac1[6,4]     1.0025997  1.0119106
p.fac1[7,4]     1.0007637  1.0041327
p.fac1[8,4]     1.0037781  1.0120996
p.fac2[1,1]     1.0146419  1.0483765
p.fac2[2,1]     1.0092644  1.0319485
p.fac2[3,1]     1.0141002  1.0496370
p.fac2[4,1]     1.0158262  1.0493753
p.fac2[5,1]     1.0097860  1.0325929
p.fac2[6,1]     1.0118557  1.0364437
p.fac2[7,1]     1.0111936  1.0391911
p.fac2[8,1]     1.0145407  1.0456173
p.fac2[9,1]     1.0178142  1.0598473
p.fac2[10,1]    1.0056335  1.0203896
p.fac2[11,1]    1.0153585  1.0476133
p.fac2[12,1]    1.0112755  1.0352034
p.fac2[13,1]    1.0144801  1.0496302
p.fac2[14,1]    1.0146633  1.0393498
p.fac2[15,1]    1.0156184  1.0498313
p.fac2[16,1]    1.0110529  1.0362973
p.fac2[17,1]    1.0133492  1.0464339
p.fac2[1,2]     1.0059560  1.0217363
p.fac2[2,2]     1.0072863  1.0267309
p.fac2[3,2]     1.0067191  1.0252092
p.fac2[4,2]     1.0071909  1.0259695
p.fac2[5,2]     1.0074605  1.0268965
p.fac2[6,2]     1.0047848  1.0170615
p.fac2[7,2]     1.0074172  1.0267846
p.fac2[8,2]     1.0100156  1.0345144
p.fac2[9,2]     1.0067293  1.0219100
p.fac2[10,2]    1.0058927  1.0234712
p.fac2[11,2]    1.0044631  1.0164764
p.fac2[12,2]    1.0073627  1.0260004
p.fac2[13,2]    1.0094871  1.0360350
p.fac2[14,2]    1.0060016  1.0237176
p.fac2[15,2]    1.0084414  1.0323610
p.fac2[16,2]    1.0070094  1.0255133
p.fac2[17,2]    1.0088369  1.0325715
p.fac2[1,3]     1.0042322  1.0140705
p.fac2[2,3]     1.0003454  1.0028512
p.fac2[3,3]     1.0020101  1.0080485
p.fac2[4,3]     1.0014843  1.0061557
p.fac2[5,3]     1.0003489  1.0010058
p.fac2[6,3]     1.0005315  1.0043232
p.fac2[7,3]     1.0004757  1.0021792
p.fac2[8,3]     1.0019013  1.0045356
p.fac2[9,3]     1.0041351  1.0120697
p.fac2[10,3]    1.0007261  1.0046355
p.fac2[11,3]    1.0020190  1.0065195
p.fac2[12,3]    1.0008080  1.0017929
p.fac2[13,3]    1.0024975  1.0097444
p.fac2[14,3]    0.9996409  1.0006062
p.fac2[15,3]    1.0029716  1.0129092
p.fac2[16,3]    1.0004598  1.0027696
p.fac2[17,3]    1.0005424  1.0038321
p.fac2[1,4]     1.0022943  1.0088212
p.fac2[2,4]     1.0046030  1.0134970
p.fac2[3,4]     1.0030555  1.0127626
p.fac2[4,4]     1.0011301  1.0060184
p.fac2[5,4]     1.0028248  1.0082815
p.fac2[6,4]     1.0018152  1.0082671
p.fac2[7,4]     1.0029836  1.0110985
p.fac2[8,4]     1.0057904  1.0170645
p.fac2[9,4]     1.0062120  1.0194681
p.fac2[10,4]    1.0015798  1.0071302
p.fac2[11,4]    1.0024491  1.0073932
p.fac2[12,4]    1.0007681  1.0028388
p.fac2[13,4]    1.0004870  1.0038455
p.fac2[14,4]    1.0005233  1.0045883
p.fac2[15,4]    1.0028522  1.0124599
p.fac2[16,4]    1.0017068  1.0060721
p.fac2[17,4]    1.0050445  1.0185338
p.global[1]     1.0160524  1.0504572
p.global[2]     1.0070585  1.0233231
p.global[3]     1.0033871  1.0139716
p.global[4]     1.0025854  1.0105129
p.ind[1,1]      1.0121040  1.0418254
p.ind[2,1]      1.0113391  1.0396721
p.ind[3,1]      1.0095366  1.0344708
p.ind[4,1]      1.0076624  1.0287795
p.ind[5,1]      1.0072020  1.0273251
p.ind[6,1]      1.0108651  1.0360532
p.ind[7,1]      1.0074810  1.0264899
p.ind[8,1]      1.0109367  1.0362529
p.ind[9,1]      1.0094513  1.0320999
p.ind[10,1]     1.0086922  1.0299584
p.ind[11,1]     1.0097373  1.0329021
p.ind[12,1]     1.0060900  1.0223913
p.ind[13,1]     1.0052656  1.0198854
p.ind[14,1]     1.0094708  1.0333989
p.ind[15,1]     1.0060819  1.0239035
p.ind[16,1]     1.0060509  1.0238072
p.ind[17,1]     1.0064265  1.0249579
p.ind[18,1]     1.0039126  1.0165673
p.ind[19,1]     1.0060072  1.0208185
p.ind[20,1]     1.0097523  1.0325395
p.ind[21,1]     1.0087761  1.0294182
p.ind[22,1]     1.0100795  1.0336045
p.ind[23,1]     1.0041943  1.0151070
p.ind[24,1]     1.0043461  1.0155980
p.ind[25,1]     1.0056280  1.0196427
p.ind[26,1]     1.0043808  1.0157098
p.ind[27,1]     1.0090643  1.0303319
p.ind[28,1]     1.0094140  1.0314489
p.ind[29,1]     1.0067928  1.0232441
p.ind[30,1]     1.0061854  1.0213693
p.ind[31,1]     1.0110920  1.0369739
p.ind[32,1]     1.0114615  1.0382359
p.ind[33,1]     1.0142856  1.0447961
p.ind[34,1]     1.0135824  1.0425955
p.ind[35,1]     1.0113176  1.0403802
p.ind[36,1]     1.0113497  1.0401277
p.ind[37,1]     1.0113438  1.0400749
p.ind[38,1]     1.0126623  1.0413041
p.ind[39,1]     1.0142108  1.0445578
p.ind[40,1]     1.0161617  1.0489530
p.ind[41,1]     1.0082190  1.0243688
p.ind[42,1]     1.0110565  1.0398158
p.ind[43,1]     1.0113571  1.0403498
p.ind[44,1]     1.0112572  1.0395267
p.ind[45,1]     1.0113283  1.0399577
p.ind[46,1]     1.0112572  1.0395267
p.ind[47,1]     1.0143560  1.0450216
p.ind[48,1]     1.0141319  1.0443076
p.ind[49,1]     1.0113530  1.0403686
p.ind[50,1]     1.0113084  1.0398263
p.ind[51,1]     1.0088496  1.0296507
p.ind[52,1]     1.0137311  1.0430536
p.ind[53,1]     1.0162790  1.0485931
p.ind[54,1]     1.0139180  1.0436348
p.ind[55,1]     1.0163046  1.0488062
p.ind[56,1]     1.0108392  1.0326911
p.ind[57,1]     1.0138725  1.0434929
p.ind[58,1]     1.0126623  1.0413041
p.ind[59,1]     1.0142856  1.0447961
p.ind[60,1]     1.0140776  1.0499969
p.ind[61,1]     1.0140289  1.0495013
p.ind[62,1]     1.0141773  1.0503936
p.ind[63,1]     1.0141825  1.0500831
p.ind[64,1]     1.0182053  1.0612629
p.ind[65,1]     1.0175516  1.0590941
p.ind[66,1]     1.0118365  1.0361420
p.ind[67,1]     1.0115734  1.0350926
p.ind[68,1]     1.0147144  1.0380362
p.ind[69,1]     1.0108878  1.0369899
p.ind[70,1]     1.0080977  1.0294236
p.ind[71,1]     1.0090864  1.0321567
p.ind[72,1]     1.0108878  1.0369899
p.ind[73,1]     1.0135783  1.0440080
p.ind[74,1]     1.0120659  1.0404324
p.ind[75,1]     1.0014756  1.0068056
p.ind[76,1]     1.0020815  1.0098168
p.ind[77,1]     1.0084049  1.0266946
p.ind[78,1]     1.0139081  1.0488160
p.ind[79,1]     1.0139764  1.0491785
p.ind[80,1]     1.0139526  1.0490166
p.ind[81,1]     1.0018982  1.0090783
p.ind[82,1]     1.0136551  1.0496716
p.ind[83,1]     1.0094048  1.0301689
p.ind[84,1]     1.0152024  1.0473068
p.ind[85,1]     1.0118601  1.0362878
p.ind[86,1]     1.0155539  1.0535335
p.ind[87,1]     1.0066761  1.0242112
p.ind[88,1]     1.0163041  1.0489184
p.ind[89,1]     1.0079899  1.0254073
p.ind[90,1]     1.0079412  1.0252594
p.ind[91,1]     1.0107919  1.0325441
p.ind[92,1]     1.0162081  1.0482337
p.ind[93,1]     1.0073084  1.0220433
p.ind[1,2]      1.0086246  1.0305057
p.ind[2,2]      1.0086082  1.0305647
p.ind[3,2]      1.0084513  1.0303213
p.ind[4,2]      1.0081437  1.0296107
p.ind[5,2]      1.0080455  1.0293654
p.ind[6,2]      1.0093642  1.0335068
p.ind[7,2]      1.0088143  1.0313886
p.ind[8,2]      1.0093747  1.0335403
p.ind[9,2]      1.0091406  1.0327211
p.ind[10,2]     1.0090150  1.0322343
p.ind[11,2]     1.0091874  1.0328946
p.ind[12,2]     1.0085909  1.0303148
p.ind[13,2]     1.0084671  1.0296223
p.ind[14,2]     1.0093179  1.0343792
p.ind[15,2]     1.0090041  1.0331027
p.ind[16,2]     1.0090004  1.0330866
p.ind[17,2]     1.0090437  1.0332752
p.ind[18,2]     1.0087173  1.0317173
p.ind[19,2]     1.0016651  1.0031022
p.ind[20,2]     1.0037389  1.0138643
p.ind[21,2]     1.0029659  1.0097122
p.ind[22,2]     1.0040418  1.0153867
p.ind[23,2]     1.0020065  1.0056951
p.ind[24,2]     1.0018870  1.0051566
p.ind[25,2]     1.0016001  1.0030498
p.ind[26,2]     1.0018632  1.0050435
p.ind[27,2]     1.0031744  1.0108676
p.ind[28,2]     1.0034492  1.0123522
p.ind[29,2]     1.0019086  1.0039749
p.ind[30,2]     1.0017091  1.0032143
p.ind[31,2]     1.0051152  1.0203577
p.ind[32,2]     1.0055529  1.0222244
p.ind[33,2]     1.0096116  1.0331605
p.ind[34,2]     1.0086315  1.0298609
p.ind[35,2]     1.0085789  1.0307077
p.ind[36,2]     1.0081035  1.0290851
p.ind[37,2]     1.0080544  1.0289196
p.ind[38,2]     1.0026184  1.0113574
p.ind[39,2]     1.0095005  1.0327887
p.ind[40,2]     1.0036281  1.0132558
p.ind[41,2]     1.0001592  1.0021674
p.ind[42,2]     1.0088725  1.0317452
p.ind[43,2]     1.0083789  1.0300200
p.ind[44,2]     1.0076362  1.0275163
p.ind[45,2]     1.0079539  1.0285813
p.ind[46,2]     1.0076362  1.0275163
p.ind[47,2]     1.0097187  1.0335187
p.ind[48,2]     1.0093855  1.0324040
p.ind[49,2]     1.0084212  1.0301649
p.ind[50,2]     1.0078505  1.0282341
p.ind[51,2]     1.0030176  1.0100007
p.ind[52,2]     1.0088287  1.0305305
p.ind[53,2]     1.0026884  1.0096506
p.ind[54,2]     1.0090834  1.0313900
p.ind[55,2]     1.0029099  1.0104996
p.ind[56,2]     1.0024361  1.0094703
p.ind[57,2]     1.0090207  1.0311789
p.ind[58,2]     1.0026184  1.0113574
p.ind[59,2]     1.0096116  1.0331605
p.ind[60,2]     1.0103616  1.0378930
p.ind[61,2]     1.0100775  1.0368626
p.ind[62,2]     1.0072144  1.0271225
p.ind[63,2]     1.0069362  1.0260544
p.ind[64,2]     1.0073459  1.0245402
p.ind[65,2]     1.0065382  1.0211486
p.ind[66,2]     1.0042974  1.0155117
p.ind[67,2]     1.0035444  1.0131119
p.ind[68,2]     1.0049193  1.0197430
p.ind[69,2]     1.0087062  1.0312999
p.ind[70,2]     1.0083270  1.0302597
p.ind[71,2]     1.0084734  1.0306818
p.ind[72,2]     1.0087062  1.0312999
p.ind[73,2]     1.0089521  1.0317934
p.ind[74,2]     1.0054395  1.0203525
p.ind[75,2]     1.0001110  1.0015837
p.ind[76,2]     0.9999166  1.0000016
p.ind[77,2]     1.0024362  1.0078576
p.ind[78,2]     1.0097625  1.0357513
p.ind[79,2]     1.0099233  1.0363155
p.ind[80,2]     1.0064848  1.0242764
p.ind[81,2]     0.9998213  0.9998339
p.ind[82,2]     1.0108845  1.0399753
p.ind[83,2]     1.0040246  1.0147073
p.ind[84,2]     1.0045563  1.0168378
p.ind[85,2]     1.0044635  1.0160389
p.ind[86,2]     1.0053280  1.0164848
p.ind[87,2]     1.0082322  1.0292279
p.ind[88,2]     1.0030766  1.0111386
p.ind[89,2]     1.0020047  1.0059681
p.ind[90,2]     1.0019587  1.0057699
p.ind[91,2]     1.0023800  1.0092802
p.ind[92,2]     1.0024145  1.0086009
p.ind[93,2]     0.9999462  1.0012167
p.ind[1,3]      1.0074693  1.0240294
p.ind[2,3]      1.0070008  1.0229047
p.ind[3,3]      1.0057858  1.0197562
p.ind[4,3]      1.0045297  1.0161620
p.ind[5,3]      1.0042373  1.0152637
p.ind[6,3]      1.0014059  1.0068192
p.ind[7,3]      1.0008478  1.0053549
p.ind[8,3]      1.0014141  1.0068408
p.ind[9,3]      1.0011968  1.0062680
p.ind[10,3]     1.0010647  1.0059225
p.ind[11,3]     1.0012442  1.0063925
p.ind[12,3]     1.0006169  1.0047263
p.ind[13,3]     1.0005054  1.0043877
p.ind[14,3]     0.9998872  1.0006910
p.ind[15,3]     1.0002330  1.0017274
p.ind[16,3]     1.0002381  1.0017406
p.ind[17,3]     1.0001795  1.0015865
p.ind[18,3]     1.0007048  1.0028247
p.ind[19,3]     0.9994184  1.0002159
p.ind[20,3]     1.0017528  1.0075809
p.ind[21,3]     1.0003910  1.0034591
p.ind[22,3]     1.0022355  1.0090340
p.ind[23,3]     1.0015860  1.0073214
p.ind[24,3]     1.0013237  1.0064374
p.ind[25,3]     0.9996993  1.0010883
p.ind[26,3]     1.0012659  1.0062431
p.ind[27,3]     1.0007653  1.0045988
p.ind[28,3]     1.0012563  1.0060843
p.ind[29,3]     0.9991464  0.9994513
p.ind[30,3]     0.9993193  0.9999187
p.ind[31,3]     1.0035629  1.0130450
p.ind[32,3]     1.0039237  1.0141429
p.ind[33,3]     1.0015321  1.0033149
p.ind[34,3]     1.0009503  1.0016541
p.ind[35,3]     1.0013794  1.0041147
p.ind[36,3]     1.0009814  1.0032918
p.ind[37,3]     1.0009415  1.0032063
p.ind[38,3]     1.0005167  1.0036891
p.ind[39,3]     1.0014437  1.0030433
p.ind[40,3]     1.0016026  1.0056423
p.ind[41,3]     1.0011350  1.0055347
p.ind[42,3]     1.0015975  1.0045210
p.ind[43,3]     1.0012117  1.0037753
p.ind[44,3]     1.0006233  1.0025106
p.ind[45,3]     1.0008612  1.0030331
p.ind[46,3]     1.0006233  1.0025106
p.ind[47,3]     1.0016226  1.0036009
p.ind[48,3]     1.0013584  1.0027879
p.ind[49,3]     1.0012475  1.0038489
p.ind[50,3]     1.0007809  1.0028584
p.ind[51,3]     1.0004833  1.0037408
p.ind[52,3]     1.0010321  1.0018690
p.ind[53,3]     1.0008751  1.0039397
p.ind[54,3]     1.0011636  1.0022281
p.ind[55,3]     1.0010509  1.0043574
p.ind[56,3]     0.9998016  1.0008607
p.ind[57,3]     1.0011285  1.0021307
p.ind[58,3]     1.0005167  1.0036891
p.ind[59,3]     1.0015321  1.0033149
p.ind[60,3]     1.0017610  1.0087493
p.ind[61,3]     1.0015288  1.0077719
p.ind[62,3]     1.0017920  1.0073408
p.ind[63,3]     1.0019467  1.0078555
p.ind[64,3]     1.0040335  1.0111694
p.ind[65,3]     1.0040784  1.0120145
p.ind[66,3]     1.0001751  1.0032223
p.ind[67,3]     0.9998665  1.0019573
p.ind[68,3]     0.9999853  1.0011953
p.ind[69,3]     1.0010589  1.0061554
p.ind[70,3]     1.0004446  1.0039858
p.ind[71,3]     1.0006488  1.0047411
p.ind[72,3]     1.0010589  1.0061554
p.ind[73,3]     1.0017360  1.0081943
p.ind[74,3]     1.0013166  1.0044042
p.ind[75,3]     1.0004188  1.0027353
p.ind[76,3]     0.9997690  0.9998969
p.ind[77,3]     0.9993760  1.0002638
p.ind[78,3]     1.0012657  1.0066831
p.ind[79,3]     1.0013999  1.0072355
p.ind[80,3]     1.0020384  1.0081129
p.ind[81,3]     0.9998337  1.0001169
p.ind[82,3]     1.0020860  1.0100459
p.ind[83,3]     0.9996920  1.0010550
p.ind[84,3]     1.0020327  1.0065298
p.ind[85,3]     1.0002803  1.0035698
p.ind[86,3]     1.0034467  1.0104845
p.ind[87,3]     1.0002110  1.0008342
p.ind[88,3]     1.0011836  1.0046705
p.ind[89,3]     0.9994203  1.0003916
p.ind[90,3]     0.9994304  1.0004202
p.ind[91,3]     0.9998087  1.0008257
p.ind[92,3]     1.0006635  1.0034318
p.ind[93,3]     1.0009943  1.0048754
p.ind[1,4]      1.0077920  1.0242840
p.ind[2,4]      1.0080061  1.0250918
p.ind[3,4]      1.0083100  1.0264459
p.ind[4,4]      1.0084545  1.0273735
p.ind[5,4]      1.0084724  1.0275499
p.ind[6,4]      1.0069519  1.0219443
p.ind[7,4]      1.0075655  1.0240679
p.ind[8,4]      1.0069236  1.0218558
p.ind[9,4]      1.0073335  1.0231895
p.ind[10,4]     1.0074506  1.0236087
p.ind[11,4]     1.0072769  1.0229959
p.ind[12,4]     1.0076236  1.0243702
p.ind[13,4]     1.0076306  1.0244591
p.ind[14,4]     1.0050911  1.0179485
p.ind[15,4]     1.0052450  1.0192285
p.ind[16,4]     1.0052468  1.0192389
p.ind[17,4]     1.0052250  1.0191129
p.ind[18,4]     1.0054174  1.0199687
p.ind[19,4]     1.0006493  1.0016446
p.ind[20,4]     0.9997377  0.9997500
p.ind[21,4]     0.9999594  1.0000574
p.ind[22,4]     0.9996770  0.9997036
p.ind[23,4]     1.0010494  1.0028762
p.ind[24,4]     1.0010164  1.0027694
p.ind[25,4]     1.0007358  1.0018953
p.ind[26,4]     1.0010089  1.0027451
p.ind[27,4]     0.9998894  0.9999442
p.ind[28,4]     0.9998090  0.9998308
p.ind[29,4]     1.0004620  1.0011394
p.ind[30,4]     1.0006078  1.0015281
p.ind[31,4]     0.9995629  0.9998035
p.ind[32,4]     0.9995579  0.9999494
p.ind[33,4]     1.0053070  1.0152958
p.ind[34,4]     1.0045107  1.0121932
p.ind[35,4]     1.0050916  1.0173045
p.ind[36,4]     1.0040729  1.0143380
p.ind[37,4]     1.0039833  1.0140748
p.ind[38,4]     1.0000824  1.0019067
p.ind[39,4]     1.0051931  1.0148724
p.ind[40,4]     1.0013265  1.0048250
p.ind[41,4]     1.0003037  1.0010159
p.ind[42,4]     1.0060197  1.0199811
p.ind[43,4]     1.0046230  1.0159449
p.ind[44,4]     1.0032971  1.0120414
p.ind[45,4]     1.0038064  1.0135539
p.ind[46,4]     1.0032971  1.0120414
p.ind[47,4]     1.0054239  1.0157264
p.ind[48,4]     1.0050825  1.0144574
p.ind[49,4]     1.0047163  1.0162161
p.ind[50,4]     1.0036329  1.0130407
p.ind[51,4]     0.9999413  1.0000270
p.ind[52,4]     1.0046369  1.0127184
p.ind[53,4]     1.0003444  1.0024599
p.ind[54,4]     1.0048234  1.0134630
p.ind[55,4]     1.0005386  1.0029524
p.ind[56,4]     1.0003991  1.0022782
p.ind[57,4]     1.0047749  1.0132723
p.ind[58,4]     1.0000824  1.0019067
p.ind[59,4]     1.0053070  1.0152958
p.ind[60,4]     1.0076405  1.0261184
p.ind[61,4]     1.0070721  1.0244445
p.ind[62,4]     1.0035127  1.0143033
p.ind[63,4]     1.0032484  1.0134384
p.ind[64,4]     1.0077840  1.0224295
p.ind[65,4]     1.0057971  1.0185982
p.ind[66,4]     1.0011618  1.0063082
p.ind[67,4]     1.0005799  1.0041399
p.ind[68,4]     1.0002470  1.0029329
p.ind[69,4]     1.0038533  1.0151413
p.ind[70,4]     1.0040490  1.0158149
p.ind[71,4]     1.0039942  1.0156155
p.ind[72,4]     1.0038533  1.0151413
p.ind[73,4]     1.0034728  1.0139446
p.ind[74,4]     1.0032311  1.0096812
p.ind[75,4]     1.0003887  1.0004553
p.ind[76,4]     1.0005676  1.0007784
p.ind[77,4]     1.0005625  1.0025795
p.ind[78,4]     1.0064981  1.0227686
p.ind[79,4]     1.0067848  1.0236045
p.ind[80,4]     1.0028573  1.0120336
p.ind[81,4]     1.0005371  1.0006824
p.ind[82,4]     1.0089530  1.0301630
p.ind[83,4]     1.0013466  1.0052609
p.ind[84,4]     1.0025748  1.0076858
p.ind[85,4]     1.0013555  1.0069171
p.ind[86,4]     1.0036992  1.0137253
p.ind[87,4]     1.0011073  1.0053236
p.ind[88,4]     1.0007005  1.0033502
p.ind[89,4]     1.0004492  1.0020420
p.ind[90,4]     1.0004392  1.0019894
p.ind[91,4]     1.0004072  1.0022176
p.ind[92,4]     1.0001383  1.0019090
p.ind[93,4]     1.0001666  1.0006550

################################################################################
# Geweke Diagnostic
################################################################################

The Geweke diagnostic is a standard z-score, so we'd expect 5% to be outside +/-1.96
Number of variables outside +/-1.96 in each chain (out of 
653
):


       Chain 1 Chain 2 Chain 3
Geweke     347     315      16


And here are the Geweke diagnostics for all variables:

               chain1 chain2 chain3
deviance       -1.138  0.497 -1.111
fac1.sig       -0.846 -1.301  0.655
fac2.sig        0.383  0.837 -0.157
ilr.cont1[1]    0.188 -0.734  0.468
ilr.cont1[2]   -2.203 -1.098  0.437
ilr.cont1[3]   -0.608  0.997  0.578
ilr.fac1[1,1]  -0.697 -0.814 -0.847
ilr.fac1[2,1]   1.447  1.716  0.089
ilr.fac1[3,1]   0.792  0.817  1.213
ilr.fac1[4,1]   0.026  0.963 -0.717
ilr.fac1[5,1]  -1.103 -0.635  0.487
ilr.fac1[6,1]  -0.169  0.511  0.673
ilr.fac1[7,1]  -0.372  0.999 -0.006
ilr.fac1[8,1]  -1.048 -0.651  0.229
ilr.fac1[1,2]  -1.351  0.269  0.497
ilr.fac1[2,2]   1.215 -0.378 -1.930
ilr.fac1[3,2]  -0.585 -1.005 -0.814
ilr.fac1[4,2]   0.870  0.371 -0.251
ilr.fac1[5,2]   0.805 -0.039  0.270
ilr.fac1[6,2]   1.107 -0.989  0.760
ilr.fac1[7,2]   0.777 -0.199 -0.610
ilr.fac1[8,2]  -1.503  0.184  1.457
ilr.fac1[1,3]   0.403  0.629 -0.551
ilr.fac1[2,3]  -2.377  0.264  0.116
ilr.fac1[3,3]  -2.437 -0.522 -0.127
ilr.fac1[4,3]  -0.118  0.336 -0.307
ilr.fac1[5,3]   0.362  0.171  0.268
ilr.fac1[6,3]  -0.830 -1.849  1.051
ilr.fac1[7,3]  -0.969  0.464  1.977
ilr.fac1[8,3]   2.887  1.793  0.276
ilr.fac2[1,1]   0.732 -0.632  0.359
ilr.fac2[2,1]   0.431  1.484 -2.483
ilr.fac2[3,1]  -0.367  0.193 -1.143
ilr.fac2[4,1]  -0.696  2.200 -0.837
ilr.fac2[5,1]  -1.390 -0.488 -0.811
ilr.fac2[6,1]   1.140  0.939 -0.088
ilr.fac2[7,1]  -0.672 -2.446  0.972
ilr.fac2[8,1]   0.294  0.487 -1.225
ilr.fac2[9,1]   2.431  1.585 -0.719
ilr.fac2[10,1] -0.191  0.976  0.332
ilr.fac2[11,1]  1.802 -0.714  0.029
ilr.fac2[12,1]  0.519 -0.096 -0.827
ilr.fac2[13,1] -0.134 -1.716  0.703
ilr.fac2[14,1] -1.740  0.919 -0.771
ilr.fac2[15,1]  0.069  0.407  0.718
ilr.fac2[16,1]  1.125  1.692 -1.674
ilr.fac2[17,1] -3.385 -3.020  1.150
ilr.fac2[1,2]   2.283  0.164 -1.774
ilr.fac2[2,2]  -0.871  0.064 -1.283
ilr.fac2[3,2]  -2.353 -0.543 -0.667
ilr.fac2[4,2]   0.460  0.340 -0.400
ilr.fac2[5,2]   0.964 -0.900  0.333
ilr.fac2[6,2]  -1.229  1.490 -0.054
ilr.fac2[7,2]   0.852 -1.166 -1.180
ilr.fac2[8,2]  -1.269  0.002 -2.093
ilr.fac2[9,2]  -0.779  0.070  0.519
ilr.fac2[10,2] -1.112  0.373 -0.048
ilr.fac2[11,2] -2.991  0.231  1.486
ilr.fac2[12,2] -1.611 -0.842  0.837
ilr.fac2[13,2] -1.317  0.541  0.360
ilr.fac2[14,2]  0.248 -0.384  2.505
ilr.fac2[15,2]  0.396  0.955  0.366
ilr.fac2[16,2] -0.210 -1.303 -1.151
ilr.fac2[17,2]  1.426  1.210 -0.097
ilr.fac2[1,3]   1.159  0.364  0.104
ilr.fac2[2,3]  -0.276 -0.614 -0.759
ilr.fac2[3,3]   0.853  0.018 -0.189
ilr.fac2[4,3]   0.682  0.009 -0.339
ilr.fac2[5,3]   0.848  0.954  0.564
ilr.fac2[6,3]  -1.911  0.530 -0.984
ilr.fac2[7,3]   2.820  0.004 -0.820
ilr.fac2[8,3]  -0.696 -2.423  0.537
ilr.fac2[9,3]   1.005 -0.916  1.084
ilr.fac2[10,3] -2.064 -0.204 -2.125
ilr.fac2[11,3] -1.086 -2.174  1.488
ilr.fac2[12,3]  0.109  0.141 -0.850
ilr.fac2[13,3] -1.112 -0.146 -0.992
ilr.fac2[14,3]  1.044 -1.209 -1.124
ilr.fac2[15,3] -1.017 -0.709 -0.782
ilr.fac2[16,3] -0.960 -0.284  2.139
ilr.fac2[17,3]  3.005  1.251 -1.430
ilr.global[1]  -1.962 -1.952  0.690
ilr.global[2]   2.476  1.547  0.559
ilr.global[3]   1.983  2.625  0.177
loglik[1]       1.039  0.846  0.668
loglik[2]       1.518  0.494 -0.444
loglik[3]       2.129  0.425 -0.289
loglik[4]       1.946  0.575  0.143
loglik[5]      -0.027 -0.068  1.103
loglik[6]      -0.238 -0.168  0.910
loglik[7]       1.762 -1.088  1.363
loglik[8]       0.048 -0.451  0.869
loglik[9]       2.052 -0.057  0.371
loglik[10]      0.564 -0.844  1.052
loglik[11]      0.411 -0.710  0.977
loglik[12]      1.915 -1.071  0.936
loglik[13]      1.194 -0.638 -0.227
loglik[14]     -0.025 -0.969  0.376
loglik[15]      1.146 -0.103  0.619
loglik[16]      1.870  0.078  0.664
loglik[17]      1.683 -0.037  0.636
loglik[18]     -0.355 -0.334 -0.207
loglik[19]     -1.221 -0.992 -0.748
loglik[20]      2.773 -1.898 -0.680
loglik[21]      1.149 -2.135 -0.331
loglik[22]      0.281 -0.384 -0.579
loglik[23]     -1.271 -0.372  0.181
loglik[24]     -1.794 -0.442  0.141
loglik[25]     -1.848 -0.671  0.194
loglik[26]     -0.352 -0.673  0.082
loglik[27]      0.639 -1.514 -0.532
loglik[28]      2.029 -1.992 -0.617
loglik[29]     -0.957 -1.461 -0.284
loglik[30]      0.052  0.015 -1.304
loglik[31]      0.617 -1.217  0.658
loglik[32]      0.033 -1.099  0.822
loglik[33]     -1.302  0.042 -1.363
loglik[34]     -1.312 -0.957  0.621
loglik[35]     -0.957  0.588 -1.295
loglik[36]      1.124 -1.116  0.679
loglik[37]      0.668 -1.151  0.931
loglik[38]     -2.589 -1.761 -0.845
loglik[39]      0.328 -0.640  1.518
loglik[40]      0.564  0.821  1.177
loglik[41]     -2.587  0.793 -0.418
loglik[42]      1.234  1.899 -1.436
loglik[43]     -0.542  0.548 -2.574
loglik[44]      0.748 -1.701  0.926
loglik[45]      1.074 -0.958  0.868
loglik[46]     -2.206 -1.562 -1.282
loglik[47]      0.328  1.152 -0.886
loglik[48]     -0.269 -0.652 -0.164
loglik[49]      0.100  1.554 -2.364
loglik[50]     -1.432 -0.238 -2.212
loglik[51]     -0.390  1.225  0.486
loglik[52]      2.228  1.251  0.559
loglik[53]      0.938 -0.621  3.206
loglik[54]      1.842  0.837  0.595
loglik[55]      1.935 -0.691  2.081
loglik[56]     -1.595 -0.989 -0.061
loglik[57]     -0.676 -0.094  0.602
loglik[58]     -1.194 -2.218 -0.674
loglik[59]     -1.814 -0.992 -1.043
loglik[60]     -2.141 -2.509  0.478
loglik[61]     -2.596 -2.076 -0.389
loglik[62]     -0.894 -1.256  0.537
loglik[63]     -0.104 -0.901 -0.525
loglik[64]     -1.166  0.842 -0.592
loglik[65]      0.587 -0.263 -0.010
loglik[66]      1.179 -0.632 -1.574
loglik[67]     -0.911 -2.157 -0.302
loglik[68]      1.317 -1.232 -0.261
loglik[69]      0.013  0.523  2.634
loglik[70]      0.350  0.551  2.230
loglik[71]     -0.100  0.579  2.204
loglik[72]      0.265 -0.595  0.275
loglik[73]      0.476 -0.525  1.666
loglik[74]      0.994 -1.774  2.621
loglik[75]      0.757  0.151 -0.961
loglik[76]      1.106 -0.136 -0.943
loglik[77]      1.663 -2.183 -0.538
loglik[78]      3.539  3.503 -0.438
loglik[79]      3.028  3.039 -0.473
loglik[80]     -0.814  0.189 -1.147
loglik[81]      0.153 -1.157  1.343
loglik[82]     -0.512 -1.407  0.429
loglik[83]      1.836 -2.058 -0.152
loglik[84]      1.791 -1.842  1.677
loglik[85]      1.608 -0.674 -0.963
loglik[86]      0.509 -0.588 -0.715
loglik[87]      0.864  0.737 -0.196
loglik[88]      2.369 -1.288  0.932
loglik[89]      0.302 -2.469 -0.427
loglik[90]     -0.831 -1.993 -0.169
loglik[91]     -1.944 -1.931  0.171
loglik[92]      1.669 -0.386 -0.310
loglik[93]      0.631  2.320  0.832
p.fac1[1,1]    -2.321 -1.195  0.696
p.fac1[2,1]    -2.068 -0.673  0.671
p.fac1[3,1]    -2.471 -1.141  0.745
p.fac1[4,1]    -2.080 -1.017  0.801
p.fac1[5,1]    -2.108 -1.104  0.906
p.fac1[6,1]    -2.644 -1.282  0.673
p.fac1[7,1]    -2.488 -0.779  0.670
p.fac1[8,1]    -2.496 -0.865  0.937
p.fac1[1,2]     3.266  2.346 -0.515
p.fac1[2,2]     2.947  2.120 -1.051
p.fac1[3,2]     2.546  2.001 -0.784
p.fac1[4,2]     2.734  1.748 -0.540
p.fac1[5,2]     3.438  2.193 -0.633
p.fac1[6,2]     3.327  1.532 -0.505
p.fac1[7,2]     2.841  2.008 -0.532
p.fac1[8,2]     2.760  2.159 -0.397
p.fac1[1,3]     0.682  1.891 -0.094
p.fac1[2,3]    -0.629  3.485  1.974
p.fac1[3,3]    -0.116  2.593  0.935
p.fac1[4,3]    -0.430  3.104  0.292
p.fac1[5,3]    -0.997  2.199  0.537
p.fac1[6,3]    -0.793  2.505  0.210
p.fac1[7,3]    -1.202  2.822  1.553
p.fac1[8,3]     1.906  2.651 -0.686
p.fac1[1,4]    -2.242 -3.422  0.404
p.fac1[2,4]    -1.680 -3.196  0.139
p.fac1[3,4]    -1.660 -2.905  0.091
p.fac1[4,4]    -1.903 -2.819  0.285
p.fac1[5,4]    -2.147 -3.095  0.090
p.fac1[6,4]    -1.741 -3.189  0.373
p.fac1[7,4]    -1.769 -3.286 -0.111
p.fac1[8,4]    -2.601 -2.696  0.325
p.fac2[1,1]    -2.361 -0.937  0.682
p.fac2[2,1]    -2.764 -1.002  0.773
p.fac2[3,1]    -2.631 -1.161  0.989
p.fac2[4,1]    -2.602 -0.710  0.679
p.fac2[5,1]    -2.544 -0.881  0.571
p.fac2[6,1]    -2.816 -0.633  0.715
p.fac2[7,1]    -2.330 -1.255  0.858
p.fac2[8,1]    -2.134 -0.684  0.730
p.fac2[9,1]    -1.895 -0.860  1.022
p.fac2[10,1]   -2.623 -1.149  0.699
p.fac2[11,1]   -2.706 -0.650  0.914
p.fac2[12,1]   -2.924 -0.909  0.737
p.fac2[13,1]   -2.270 -1.406  0.884
p.fac2[14,1]   -2.232 -0.510  0.776
p.fac2[15,1]   -2.303 -1.164  0.845
p.fac2[16,1]   -2.697 -0.836  0.569
p.fac2[17,1]   -2.619 -1.362  0.660
p.fac2[1,2]     2.799  1.738 -0.435
p.fac2[2,2]     2.635  2.680 -0.550
p.fac2[3,2]     3.538  2.328 -0.541
p.fac2[4,2]     2.644  2.278 -0.353
p.fac2[5,2]     2.581  1.786 -0.271
p.fac2[6,2]     2.549  3.066 -0.519
p.fac2[7,2]     2.703  1.908 -0.575
p.fac2[8,2]     2.684  1.640 -0.507
p.fac2[9,2]     2.631  2.283 -0.321
p.fac2[10,2]    3.479  1.651 -0.604
p.fac2[11,2]    2.327  2.078 -0.754
p.fac2[12,2]    2.897  1.261 -0.536
p.fac2[13,2]    2.530  2.477 -0.942
p.fac2[14,2]    2.920  1.636 -0.232
p.fac2[15,2]    2.944  1.947 -0.399
p.fac2[16,2]    2.999  1.869 -0.303
p.fac2[17,2]    2.901  2.437 -0.485
p.fac2[1,3]     1.553  2.327  0.267
p.fac2[2,3]     1.679  2.332  0.190
p.fac2[3,3]     0.191  2.477  1.027
p.fac2[4,3]     1.242  2.545 -0.455
p.fac2[5,3]     1.252  2.640 -0.561
p.fac2[6,3]     2.155  2.612 -0.452
p.fac2[7,3]     1.986  4.549 -0.963
p.fac2[8,3]     2.759  3.655  0.231
p.fac2[9,3]     0.646  2.552  0.512
p.fac2[10,3]   -0.735  2.500 -1.124
p.fac2[11,3]    0.744  3.022  1.501
p.fac2[12,3]   -0.275  2.198  0.364
p.fac2[13,3]   -0.074  2.049  0.967
p.fac2[14,3]   -0.952  2.129 -0.323
p.fac2[15,3]   -1.285  2.311 -0.531
p.fac2[16,3]    1.384  2.798  0.241
p.fac2[17,3]    1.311  2.256 -0.632
p.fac2[1,4]    -2.873 -2.765  0.223
p.fac2[2,4]    -2.570 -2.682  0.340
p.fac2[3,4]    -2.511 -3.315 -0.054
p.fac2[4,4]    -2.541 -2.559  0.273
p.fac2[5,4]    -2.313 -3.329  0.209
p.fac2[6,4]    -2.394 -3.454  0.410
p.fac2[7,4]    -2.899 -2.724  0.372
p.fac2[8,4]    -2.426 -2.648  0.203
p.fac2[9,4]    -2.704 -3.819 -0.132
p.fac2[10,4]   -1.625 -2.928  1.128
p.fac2[11,4]   -1.615 -3.028 -0.057
p.fac2[12,4]   -1.978 -2.516  0.064
p.fac2[13,4]   -1.809 -3.474  0.346
p.fac2[14,4]   -1.998 -2.655  0.111
p.fac2[15,4]   -1.806 -2.845  0.580
p.fac2[16,4]   -2.453 -2.915 -0.056
p.fac2[17,4]   -2.745 -2.714  0.398
p.global[1]    -1.870 -1.109  0.630
p.global[2]     2.750  2.320 -0.668
p.global[3]     0.043  2.669  0.515
p.global[4]    -2.036 -3.156  0.212
p.ind[1,1]     -1.528 -0.636  0.949
p.ind[2,1]     -1.454 -0.607  0.980
p.ind[3,1]     -1.286 -0.530  1.050
p.ind[4,1]     -1.092 -0.424  1.108
p.ind[5,1]     -1.037 -0.425  1.118
p.ind[6,1]     -1.745 -0.313  0.774
p.ind[7,1]     -1.413 -0.033  0.822
p.ind[8,1]     -1.754 -0.318  0.773
p.ind[9,1]     -1.586 -0.205  0.833
p.ind[10,1]    -1.545 -0.141  0.831
p.ind[11,1]    -1.616 -0.228  0.833
p.ind[12,1]    -1.247  0.113  0.823
p.ind[13,1]    -1.132  0.206  0.795
p.ind[14,1]    -1.625 -0.374  0.949
p.ind[15,1]    -1.075 -0.174  0.979
p.ind[16,1]    -1.071 -0.172  0.979
p.ind[17,1]    -1.114 -0.202  0.978
p.ind[18,1]    -0.747  0.063  1.213
p.ind[19,1]    -3.428 -1.188  0.756
p.ind[20,1]    -2.625 -1.238  0.769
p.ind[21,1]    -2.698 -1.222  0.765
p.ind[22,1]    -2.600 -1.244  0.770
p.ind[23,1]    -3.793 -1.171  0.739
p.ind[24,1]    -3.780 -1.172  0.747
p.ind[25,1]    -3.457 -1.184  0.754
p.ind[26,1]    -3.777 -1.173  0.747
p.ind[27,1]    -2.677 -1.226  0.766
p.ind[28,1]    -2.651 -1.232  0.768
p.ind[29,1]    -2.841 -1.196  0.759
p.ind[30,1]    -2.885 -1.189  0.757
p.ind[31,1]    -2.517 -1.156  0.776
p.ind[32,1]    -2.484 -1.164  0.779
p.ind[33,1]    -2.159 -0.760  0.733
p.ind[34,1]    -2.214 -0.883  0.740
p.ind[35,1]    -2.045 -1.070  0.949
p.ind[36,1]    -2.123 -1.214  0.945
p.ind[37,1]    -2.130 -1.217  0.853
p.ind[38,1]    -2.706 -1.200  0.581
p.ind[39,1]    -2.165 -0.767  0.734
p.ind[40,1]    -2.825 -0.864  0.899
p.ind[41,1]    -2.399 -1.131  0.952
p.ind[42,1]    -1.970 -1.014  0.965
p.ind[43,1]    -2.081 -1.093  0.945
p.ind[44,1]    -2.307 -1.244  0.856
p.ind[45,1]    -2.144 -1.225  0.854
p.ind[46,1]    -2.307 -1.244  0.856
p.ind[47,1]    -2.152 -0.753  0.732
p.ind[48,1]    -2.172 -0.848  0.735
p.ind[49,1]    -2.074 -1.088  0.946
p.ind[50,1]    -2.158 -1.231  0.854
p.ind[51,1]    -2.693 -1.223  0.766
p.ind[52,1]    -2.203 -0.875  0.739
p.ind[53,1]    -2.937 -0.900  0.880
p.ind[54,1]    -2.189 -0.864  0.737
p.ind[55,1]    -2.912 -0.892  0.884
p.ind[56,1]    -3.010 -0.938  0.622
p.ind[57,1]    -2.192 -0.866  0.738
p.ind[58,1]    -2.706 -1.200  0.581
p.ind[59,1]    -2.159 -0.760  0.733
p.ind[60,1]    -2.429 -1.382  0.820
p.ind[61,1]    -2.516 -1.404  0.819
p.ind[62,1]    -2.583 -1.120  1.009
p.ind[63,1]    -2.611 -1.145  0.997
p.ind[64,1]    -1.776 -0.741  1.068
p.ind[65,1]    -1.922 -0.884  1.014
p.ind[66,1]    -2.861 -0.814  0.687
p.ind[67,1]    -2.922 -0.872  0.655
p.ind[68,1]    -2.309 -0.552  0.779
p.ind[69,1]    -1.856 -0.156  0.964
p.ind[70,1]    -1.726  0.021  0.981
p.ind[71,1]    -1.783 -0.042  0.980
p.ind[72,1]    -1.856 -0.156  0.964
p.ind[73,1]    -2.052 -0.291  0.922
p.ind[74,1]    -2.344 -0.796  0.996
p.ind[75,1]    -2.989 -1.147  0.941
p.ind[76,1]    -2.859 -1.115  0.955
p.ind[77,1]    -3.111 -0.955  0.787
p.ind[78,1]    -2.543 -1.211  0.819
p.ind[79,1]    -2.529 -1.415  0.819
p.ind[80,1]    -2.653 -1.175  0.981
p.ind[81,1]    -2.877 -1.112  0.980
p.ind[82,1]    -2.491 -1.367  0.907
p.ind[83,1]    -3.001 -0.945  0.792
p.ind[84,1]    -2.690 -0.648  0.918
p.ind[85,1]    -2.846 -0.799  0.696
p.ind[86,1]    -2.136 -0.926  0.996
p.ind[87,1]    -2.302 -0.521  0.927
p.ind[88,1]    -2.892 -0.886  0.887
p.ind[89,1]    -3.144 -0.957  0.784
p.ind[90,1]    -3.147 -0.957  0.783
p.ind[91,1]    -3.014 -0.941  0.621
p.ind[92,1]    -2.988 -0.910  0.876
p.ind[93,1]    -2.425 -1.132  0.951
p.ind[1,2]      2.023  1.324 -0.706
p.ind[2,2]      1.988  1.279 -0.748
p.ind[3,2]      1.911  1.186 -0.843
p.ind[4,2]      1.833  1.131 -0.943
p.ind[5,2]      1.813  1.107 -0.968
p.ind[6,2]      2.069  0.996 -0.795
p.ind[7,2]      1.956  0.831 -0.851
p.ind[8,2]      2.072  1.000 -0.791
p.ind[9,2]      2.017  0.925 -0.700
p.ind[10,2]     1.993  0.890 -0.807
p.ind[11,2]     2.026  0.939 -0.690
p.ind[12,2]     1.911  0.757 -0.897
p.ind[13,2]     1.861  0.705 -0.923
p.ind[14,2]     2.027  1.135 -0.752
p.ind[15,2]     1.784  0.945 -0.922
p.ind[16,2]     1.782  0.943 -0.924
p.ind[17,2]     1.808  0.920 -0.906
p.ind[18,2]     1.659  0.761 -1.023
p.ind[19,2]     2.006  4.219 -0.481
p.ind[20,2]     2.604  2.670 -0.551
p.ind[21,2]     2.515  2.739 -0.534
p.ind[22,2]     2.626  2.645 -0.558
p.ind[23,2]     1.444  3.940 -0.416
p.ind[24,2]     1.503  3.977 -0.422
p.ind[25,2]     1.939  4.187 -0.470
p.ind[26,2]     1.516  3.985 -0.424
p.ind[27,2]     2.546  2.720 -0.540
p.ind[28,2]     2.578  2.695 -0.548
p.ind[29,2]     2.192  4.248 -0.503
p.ind[30,2]     2.051  4.230 -0.487
p.ind[31,2]     2.673  2.567 -0.588
p.ind[32,2]     2.685  2.539 -0.601
p.ind[33,2]     2.718  1.614 -0.464
p.ind[34,2]     2.767  1.740 -0.393
p.ind[35,2]     2.661  2.037 -0.790
p.ind[36,2]     2.715  2.127 -0.674
p.ind[37,2]     2.726  2.136 -0.665
p.ind[38,2]     2.996  2.160 -0.206
p.ind[39,2]     2.725  1.630 -0.455
p.ind[40,2]     2.396  2.180 -0.685
p.ind[41,2]     3.058  3.149 -0.099
p.ind[42,2]     2.591  1.832 -0.524
p.ind[43,2]     2.651  2.077 -0.734
p.ind[44,2]     2.820  1.889 -0.600
p.ind[45,2]     2.749  2.153 -0.648
p.ind[46,2]     2.820  1.889 -0.600
p.ind[47,2]     2.710  1.598 -0.474
p.ind[48,2]     2.732  1.645 -0.445
p.ind[49,2]     2.641  2.069 -0.745
p.ind[50,2]     2.772  1.870 -0.624
p.ind[51,2]     2.523  2.734 -0.536
p.ind[52,2]     2.759  1.724 -0.405
p.ind[53,2]     2.272  2.300 -0.521
p.ind[54,2]     2.748  1.703 -0.423
p.ind[55,2]     2.273  2.271 -0.532
p.ind[56,2]     2.866  3.308 -0.264
p.ind[57,2]     2.751  1.708 -0.418
p.ind[58,2]     2.996  2.160 -0.206
p.ind[59,2]     2.718  1.614 -0.464
p.ind[60,2]     2.669  2.068 -0.624
p.ind[61,2]     2.662  2.136 -0.585
p.ind[62,2]     3.443  2.135 -0.589
p.ind[63,2]     3.498  2.199 -0.559
p.ind[64,2]     2.517  2.309 -0.387
p.ind[65,2]     2.666  2.289 -0.308
p.ind[66,2]     2.621  3.065 -0.476
p.ind[67,2]     2.740  3.165 -0.420
p.ind[68,2]     3.116  1.730 -0.188
p.ind[69,2]     2.097  1.330 -0.783
p.ind[70,2]     2.145  1.182 -0.859
p.ind[71,2]     2.178  1.235 -0.833
p.ind[72,2]     2.097  1.330 -0.783
p.ind[73,2]     2.170  1.838 -0.613
p.ind[74,2]     2.262  1.540 -0.897
p.ind[75,2]     3.097  2.128 -0.363
p.ind[76,2]     3.489  2.162 -0.399
p.ind[77,2]     3.512  2.542 -0.380
p.ind[78,2]     2.720  2.203 -0.552
p.ind[79,2]     2.690  2.170 -0.567
p.ind[80,2]     3.582  2.375 -0.522
p.ind[81,2]     3.400  2.162 -0.392
p.ind[82,2]     2.638  1.965 -0.771
p.ind[83,2]     3.203  2.826 -0.401
p.ind[84,2]     2.320  2.068 -0.764
p.ind[85,2]     2.596  3.043 -0.490
p.ind[86,2]     2.911  2.564 -0.248
p.ind[87,2]     2.596  0.884 -0.971
p.ind[88,2]     2.273  2.250 -0.540
p.ind[89,2]     2.651  2.559 -0.374
p.ind[90,2]     2.647  2.560 -0.373
p.ind[91,2]     2.866  3.315 -0.259
p.ind[92,2]     2.269  2.221 -0.509
p.ind[93,2]     2.942  3.112 -0.074
p.ind[1,3]      1.789  2.898  0.607
p.ind[2,3]      1.724  2.899  0.627
p.ind[3,3]      1.766  2.965  0.666
p.ind[4,3]      1.553  2.883  0.701
p.ind[5,3]      1.490  2.767  0.737
p.ind[6,3]      1.482  3.715  0.234
p.ind[7,3]      1.542  2.962  0.143
p.ind[8,3]      1.483  3.729  0.236
p.ind[9,3]      1.467  3.422  0.192
p.ind[10,3]     1.564  3.253  0.172
p.ind[11,3]     1.471  3.483  0.200
p.ind[12,3]     1.437  2.883  0.110
p.ind[13,3]     1.360  2.550  0.091
p.ind[14,3]     1.466  2.186 -0.441
p.ind[15,3]     1.211  2.241 -0.632
p.ind[16,3]     1.208  2.233 -0.633
p.ind[17,3]     1.245  2.336 -0.626
p.ind[18,3]     0.914  1.593 -0.690
p.ind[19,3]     2.125  3.654  0.064
p.ind[20,3]     0.536  4.187  0.597
p.ind[21,3]     0.827  4.156  0.456
p.ind[22,3]     0.452  4.170  0.638
p.ind[23,3]     2.834  3.062 -0.165
p.ind[24,3]     2.772  3.096 -0.146
p.ind[25,3]     2.220  3.397  0.015
p.ind[26,3]     2.757  3.104 -0.142
p.ind[27,3]     0.735  4.177  0.498
p.ind[28,3]     0.631  4.189  0.549
p.ind[29,3]     1.750  3.830  0.171
p.ind[30,3]     2.039  3.695  0.088
p.ind[31,3]     0.231  3.140  0.856
p.ind[32,3]     0.165  3.058  0.896
p.ind[33,3]     2.848  3.543  0.178
p.ind[34,3]     3.343  3.203  0.077
p.ind[35,3]     2.277  4.206 -0.933
p.ind[36,3]     2.084  5.050 -0.948
p.ind[37,3]     2.089  5.025 -0.949
p.ind[38,3]     1.461  1.851 -0.063
p.ind[39,3]     3.276  3.507  0.165
p.ind[40,3]     0.784  3.162  1.462
p.ind[41,3]     0.448  1.774 -1.511
p.ind[42,3]     2.244  4.491 -0.915
p.ind[43,3]     2.057  4.165 -0.940
p.ind[44,3]     1.977  4.794 -0.958
p.ind[45,3]     2.100  4.972 -0.951
p.ind[46,3]     1.977  4.794 -0.958
p.ind[47,3]     2.825  3.576  0.191
p.ind[48,3]     3.286  3.469  0.152
p.ind[49,3]     2.053  4.175 -0.939
p.ind[50,3]     2.111  4.915 -0.953
p.ind[51,3]     0.803  4.162  0.467
p.ind[52,3]     3.329  3.273  0.096
p.ind[53,3]     0.919  3.175  1.394
p.ind[54,3]     3.311  3.364  0.121
p.ind[55,3]     0.838  3.208  1.414
p.ind[56,3]     2.459  2.414 -0.564
p.ind[57,3]     3.315  3.341  0.114
p.ind[58,3]     1.461  1.851 -0.063
p.ind[59,3]     2.848  3.543  0.178
p.ind[60,3]     1.235  2.792 -0.483
p.ind[61,3]     1.252  2.539 -0.516
p.ind[62,3]     0.210  2.374  1.037
p.ind[63,3]     0.196  2.444  1.037
p.ind[64,3]     0.855  2.361  0.455
p.ind[65,3]     0.626  2.570  0.514
p.ind[66,3]     2.345  2.580 -0.453
p.ind[67,3]     2.389  2.615 -0.467
p.ind[68,3]    -0.808  2.304 -0.284
p.ind[69,3]     1.535  2.432 -0.976
p.ind[70,3]     1.488  2.013 -1.138
p.ind[71,3]     1.493  2.170 -1.092
p.ind[72,3]     1.535  2.432 -0.976
p.ind[73,3]     1.510  2.829 -0.656
p.ind[74,3]     0.667  2.474  1.377
p.ind[75,3]     1.307  2.411 -1.357
p.ind[76,3]     0.645  2.650 -1.318
p.ind[77,3]     2.233  2.365 -0.054
p.ind[78,3]     1.268  2.477 -0.545
p.ind[79,3]     1.260  2.510 -0.530
p.ind[80,3]     0.192  2.498  1.009
p.ind[81,3]     0.811  2.596 -1.328
p.ind[82,3]     1.187  2.568 -0.459
p.ind[83,3]     1.909  2.864  0.085
p.ind[84,3]     0.740  2.991  1.500
p.ind[85,3]     2.336  2.593 -0.452
p.ind[86,3]     0.567  2.741  0.486
p.ind[87,3]     0.002  1.901  0.087
p.ind[88,3]     0.823  3.226  1.427
p.ind[89,3]     2.347  2.306 -0.100
p.ind[90,3]     2.360  2.298 -0.105
p.ind[91,3]     2.463  2.403 -0.565
p.ind[92,3]     0.950  3.122  1.367
p.ind[93,3]     0.685  1.675 -1.559
p.ind[1,4]     -2.472 -2.406  0.440
p.ind[2,4]     -2.468 -2.389  0.459
p.ind[3,4]     -2.466 -2.515  0.518
p.ind[4,4]     -2.466 -2.409  0.588
p.ind[5,4]     -2.465 -2.373  0.606
p.ind[6,4]     -2.282 -3.391  0.257
p.ind[7,4]     -2.281 -3.103  0.406
p.ind[8,4]     -2.283 -3.397  0.253
p.ind[9,4]     -2.280 -3.361  0.322
p.ind[10,4]    -2.280 -3.266  0.354
p.ind[11,4]    -2.280 -3.395  0.309
p.ind[12,4]    -2.279 -2.888  0.469
p.ind[13,4]    -2.380 -2.741  0.509
p.ind[14,4]    -2.358 -2.090  0.557
p.ind[15,4]    -2.316 -1.727  0.677
p.ind[16,4]    -2.316 -1.723  0.678
p.ind[17,4]    -2.323 -1.772  0.663
p.ind[18,4]    -2.342 -1.275  0.775
p.ind[19,4]    -1.714 -4.921  0.261
p.ind[20,4]    -1.751 -4.354  0.188
p.ind[21,4]    -1.741 -4.474  0.189
p.ind[22,4]    -1.756 -4.305  0.184
p.ind[23,4]    -1.656 -4.588  0.266
p.ind[24,4]    -1.663 -4.627  0.265
p.ind[25,4]    -1.706 -4.875  0.262
p.ind[26,4]    -1.664 -4.636  0.265
p.ind[27,4]    -1.744 -4.443  0.188
p.ind[28,4]    -1.747 -4.401  0.188
p.ind[29,4]    -1.725 -4.976  0.261
p.ind[30,4]    -1.717 -4.938  0.261
p.ind[31,4]    -1.777 -4.131  0.190
p.ind[32,4]    -1.787 -4.061  0.194
p.ind[33,4]    -2.494 -2.656  0.182
p.ind[34,4]    -2.645 -2.681  0.148
p.ind[35,4]    -2.839 -2.769  0.500
p.ind[36,4]    -2.854 -2.741  0.406
p.ind[37,4]    -2.857 -2.739  0.403
p.ind[38,4]    -2.900 -2.895  0.105
p.ind[39,4]    -2.512 -2.658  0.178
p.ind[40,4]    -1.618 -2.961 -0.074
p.ind[41,4]    -2.125 -3.097  0.458
p.ind[42,4]    -2.981 -2.609  0.559
p.ind[43,4]    -2.842 -2.755  0.477
p.ind[44,4]    -2.884 -2.728  0.381
p.ind[45,4]    -2.863 -2.736  0.398
p.ind[46,4]    -2.884 -2.728  0.381
p.ind[47,4]    -2.476 -2.654  0.187
p.ind[48,4]    -2.530 -2.661  0.173
p.ind[49,4]    -2.841 -2.758  0.482
p.ind[50,4]    -2.869 -2.733  0.392
p.ind[51,4]    -1.742 -4.466  0.188
p.ind[52,4]    -2.616 -2.677  0.154
p.ind[53,4]    -1.641 -2.958 -0.093
p.ind[54,4]    -2.577 -2.667  0.162
p.ind[55,4]    -1.634 -2.955 -0.089
p.ind[56,4]    -2.258 -3.309  0.301
p.ind[57,4]    -2.586 -2.668  0.160
p.ind[58,4]    -2.900 -2.895  0.105
p.ind[59,4]    -2.494 -2.656  0.182
p.ind[60,4]    -2.457 -2.568  0.389
p.ind[61,4]    -2.514 -2.699  0.521
p.ind[62,4]    -2.393 -3.033 -0.022
p.ind[63,4]    -2.492 -3.335 -0.042
p.ind[64,4]    -2.572 -3.555 -0.050
p.ind[65,4]    -2.684 -3.800 -0.148
p.ind[66,4]    -2.450 -3.415  0.390
p.ind[67,4]    -2.536 -3.373  0.321
p.ind[68,4]    -2.227 -2.581  0.080
p.ind[69,4]    -2.283 -2.563  0.810
p.ind[70,4]    -2.429 -2.409  0.928
p.ind[71,4]    -2.419 -2.471  0.886
p.ind[72,4]    -2.283 -2.563  0.810
p.ind[73,4]    -2.273 -2.665  0.611
p.ind[74,4]    -1.716 -2.714 -0.037
p.ind[75,4]    -1.471 -2.667  0.618
p.ind[76,4]    -1.487 -2.945  0.613
p.ind[77,4]    -2.524 -3.038  0.322
p.ind[78,4]    -2.573 -2.708  0.438
p.ind[79,4]    -2.543 -2.704  0.510
p.ind[80,4]    -2.536 -3.608 -0.064
p.ind[81,4]    -1.486 -2.884  0.613
p.ind[82,4]    -2.326 -2.343  0.636
p.ind[83,4]    -2.486 -2.725  0.337
p.ind[84,4]    -1.615 -3.040 -0.055
p.ind[85,4]    -2.431 -3.427  0.396
p.ind[86,4]    -2.578 -3.715 -0.214
p.ind[87,4]    -2.080 -2.206  0.201
p.ind[88,4]    -1.629 -2.954 -0.086
p.ind[89,4]    -2.552 -2.955  0.319
p.ind[90,4]    -2.555 -2.945  0.319
p.ind[91,4]    -2.257 -3.305  0.300
p.ind[92,4]    -1.651 -2.963 -0.099
p.ind[93,4]    -2.121 -3.005  0.453
