
################################################################################
# Gelman-Rubin Diagnostic
################################################################################

Generally the Gelman diagnostic should be < 1.05


Out of 507 variables: 2 > 1.01

                      
0 > 1.05

                      
0 > 1.1


The worst variables are:

              Point est. Upper C.I.
ilr.fac1[3,2]   1.010580   1.022598
ilr.fac1[8,2]   1.010554   1.035854
p.global[3]     1.009629   1.035921
p.ind[74,3]     1.009494   1.032675
p.ind[74,2]     1.009484   1.029697
p.fac1[6,3]     1.009088   1.028408
p.fac2[12,2]    1.008817   1.023514
p.fac1[3,3]     1.008277   1.028472
p.ind[84,3]     1.008243   1.028981
p.ind[87,2]     1.008156   1.025608


And here are the Gelman diagnostics for all variables:

               Point est. Upper C.I.
deviance        1.0033464  1.0130612
fac1.sig        0.9994377  1.0000382
fac2.sig        0.9996543  1.0012677
ilr.cont1[1]    1.0005735  1.0014509
ilr.cont1[2]    1.0038133  1.0092499
ilr.fac1[1,1]   1.0019238  1.0066685
ilr.fac1[2,1]   0.9997273  1.0002300
ilr.fac1[3,1]   1.0036331  1.0079590
ilr.fac1[4,1]   0.9995868  1.0006511
ilr.fac1[5,1]   0.9993459  0.9997316
ilr.fac1[6,1]   1.0007194  1.0021316
ilr.fac1[7,1]   1.0029835  1.0064249
ilr.fac1[8,1]   1.0004179  1.0041466
ilr.fac1[1,2]   1.0032899  1.0063499
ilr.fac1[2,2]   0.9993949  0.9999867
ilr.fac1[3,2]   1.0105797  1.0225978
ilr.fac1[4,2]   1.0027228  1.0068247
ilr.fac1[5,2]   1.0017420  1.0061543
ilr.fac1[6,2]   1.0005131  1.0028518
ilr.fac1[7,2]   1.0016480  1.0035965
ilr.fac1[8,2]   1.0105542  1.0358544
ilr.fac2[1,1]   0.9997462  1.0005644
ilr.fac2[2,1]   1.0004431  1.0016046
ilr.fac2[3,1]   0.9996266  1.0007485
ilr.fac2[4,1]   1.0010911  1.0013156
ilr.fac2[5,1]   0.9994318  0.9995526
ilr.fac2[6,1]   1.0011112  1.0046689
ilr.fac2[7,1]   1.0000796  1.0025934
ilr.fac2[8,1]   1.0012993  1.0062903
ilr.fac2[9,1]   1.0009586  1.0051567
ilr.fac2[10,1]  1.0010256  1.0062807
ilr.fac2[11,1]  1.0031179  1.0124072
ilr.fac2[12,1]  1.0014380  1.0046977
ilr.fac2[13,1]  1.0044306  1.0181322
ilr.fac2[14,1]  1.0005463  1.0024554
ilr.fac2[15,1]  1.0006045  1.0034233
ilr.fac2[16,1]  1.0003910  1.0036768
ilr.fac2[17,1]  1.0009722  1.0024169
ilr.fac2[1,2]   0.9991436  0.9994504
ilr.fac2[2,2]   1.0036381  1.0075181
ilr.fac2[3,2]   1.0021718  1.0086889
ilr.fac2[4,2]   1.0014936  1.0048742
ilr.fac2[5,2]   0.9999865  1.0011486
ilr.fac2[6,2]   1.0059008  1.0183218
ilr.fac2[7,2]   0.9999547  1.0002808
ilr.fac2[8,2]   0.9996732  1.0003139
ilr.fac2[9,2]   1.0016903  1.0079124
ilr.fac2[10,2]  1.0027576  1.0034991
ilr.fac2[11,2]  1.0006962  1.0020832
ilr.fac2[12,2]  1.0008779  1.0026451
ilr.fac2[13,2]  1.0040912  1.0092664
ilr.fac2[14,2]  1.0009214  1.0044209
ilr.fac2[15,2]  1.0028802  1.0121139
ilr.fac2[16,2]  1.0028766  1.0123105
ilr.fac2[17,2]  1.0002451  1.0035664
ilr.global[1]   1.0008496  1.0050041
ilr.global[2]   1.0075693  1.0294435
loglik[1]       0.9998344  1.0005429
loglik[2]       0.9998014  1.0004793
loglik[3]       0.9999321  1.0007900
loglik[4]       0.9999205  1.0008639
loglik[5]       0.9992514  0.9998879
loglik[6]       1.0000191  1.0003828
loglik[7]       0.9998279  1.0019334
loglik[8]       1.0000357  1.0001336
loglik[9]       1.0012595  1.0052950
loglik[10]      1.0005919  1.0017617
loglik[11]      1.0001797  1.0003583
loglik[12]      0.9997462  1.0010743
loglik[13]      1.0007001  1.0042785
loglik[14]      0.9997601  1.0007719
loglik[15]      1.0006597  1.0026308
loglik[16]      1.0006032  1.0023479
loglik[17]      1.0004748  1.0019897
loglik[18]      1.0005546  1.0024270
loglik[19]      1.0021753  1.0042362
loglik[20]      1.0063528  1.0183627
loglik[21]      1.0077686  1.0211171
loglik[22]      0.9999101  1.0013720
loglik[23]      0.9996516  1.0008712
loglik[24]      0.9997081  1.0012050
loglik[25]      0.9995848  1.0007513
loglik[26]      1.0010279  1.0036072
loglik[27]      1.0024861  1.0078606
loglik[28]      1.0076823  1.0207813
loglik[29]      1.0020094  1.0054269
loglik[30]      1.0010210  1.0025698
loglik[31]      1.0055335  1.0164231
loglik[32]      1.0054070  1.0158895
loglik[33]      0.9994175  0.9995020
loglik[34]      1.0004826  1.0043581
loglik[35]      0.9994604  1.0006376
loglik[36]      0.9999058  1.0016968
loglik[37]      0.9999175  1.0012143
loglik[38]      1.0002815  1.0004017
loglik[39]      1.0010389  1.0062143
loglik[40]      1.0010913  1.0050570
loglik[41]      1.0046669  1.0050755
loglik[42]      0.9992168  0.9992768
loglik[43]      0.9992877  0.9995250
loglik[44]      0.9999795  1.0016228
loglik[45]      0.9999476  1.0015057
loglik[46]      1.0000295  1.0012368
loglik[47]      1.0015599  1.0082768
loglik[48]      1.0039975  1.0132391
loglik[49]      0.9991342  0.9992891
loglik[50]      0.9991533  0.9993721
loglik[51]      1.0034662  1.0051914
loglik[52]      1.0003354  1.0024961
loglik[53]      1.0025886  1.0096308
loglik[54]      1.0009060  1.0044948
loglik[55]      1.0012052  1.0060385
loglik[56]      1.0004154  1.0037186
loglik[57]      1.0008723  1.0058626
loglik[58]      0.9997885  1.0012044
loglik[59]      1.0017485  1.0058090
loglik[60]      1.0012722  1.0050709
loglik[61]      1.0001639  1.0012825
loglik[62]      0.9993434  0.9998414
loglik[63]      1.0004937  1.0010013
loglik[64]      1.0032188  1.0111893
loglik[65]      1.0016725  1.0076479
loglik[66]      1.0020314  1.0095640
loglik[67]      1.0019469  1.0078417
loglik[68]      1.0010770  1.0021845
loglik[69]      1.0030446  1.0087099
loglik[70]      1.0026123  1.0079758
loglik[71]      1.0037487  1.0082466
loglik[72]      1.0008835  1.0021749
loglik[73]      0.9996057  1.0002590
loglik[74]      1.0017609  1.0072082
loglik[75]      1.0024598  1.0050252
loglik[76]      1.0007241  1.0008083
loglik[77]      1.0045089  1.0125393
loglik[78]      1.0029691  1.0108347
loglik[79]      1.0041234  1.0147910
loglik[80]      1.0028801  1.0050589
loglik[81]      1.0041835  1.0064050
loglik[82]      1.0010890  1.0050401
loglik[83]      1.0074689  1.0238685
loglik[84]      1.0002423  1.0033826
loglik[85]      1.0032881  1.0078839
loglik[86]      1.0009108  1.0051919
loglik[87]      1.0014942  1.0063138
loglik[88]      0.9997797  1.0009512
loglik[89]      1.0052882  1.0134130
loglik[90]      1.0045353  1.0134057
loglik[91]      1.0028074  1.0128400
loglik[92]      0.9994360  0.9997524
loglik[93]      0.9992375  0.9995261
p.fac1[1,1]     1.0033409  1.0065914
p.fac1[2,1]     1.0017115  1.0048789
p.fac1[3,1]     1.0025808  1.0076694
p.fac1[4,1]     1.0007531  1.0046405
p.fac1[5,1]     0.9996953  1.0003395
p.fac1[6,1]     1.0008485  1.0044317
p.fac1[7,1]     1.0006418  1.0017429
p.fac1[8,1]     1.0002784  1.0032515
p.fac1[1,2]     1.0038709  1.0072053
p.fac1[2,2]     1.0020652  1.0082299
p.fac1[3,2]     1.0026867  1.0105603
p.fac1[4,2]     1.0019188  1.0076095
p.fac1[5,2]     1.0024975  1.0113215
p.fac1[6,2]     1.0021344  1.0093009
p.fac1[7,2]     1.0075909  1.0198688
p.fac1[8,2]     1.0026094  1.0073308
p.fac1[1,3]     1.0058189  1.0169791
p.fac1[2,3]     1.0023434  1.0102418
p.fac1[3,3]     1.0082768  1.0284718
p.fac1[4,3]     1.0007436  1.0044679
p.fac1[5,3]     1.0023407  1.0089442
p.fac1[6,3]     1.0090882  1.0284080
p.fac1[7,3]     1.0068921  1.0254011
p.fac1[8,3]     1.0001420  1.0027543
p.fac2[1,1]     1.0007553  1.0036282
p.fac2[2,1]     1.0024500  1.0045736
p.fac2[3,1]     1.0012229  1.0055194
p.fac2[4,1]     1.0014689  1.0077572
p.fac2[5,1]     1.0007895  1.0054807
p.fac2[6,1]     1.0062903  1.0231360
p.fac2[7,1]     0.9995409  1.0004808
p.fac2[8,1]     1.0018586  1.0092361
p.fac2[9,1]     0.9994148  1.0003661
p.fac2[10,1]    0.9998282  1.0001323
p.fac2[11,1]    0.9998215  1.0014335
p.fac2[12,1]    0.9991986  0.9996257
p.fac2[13,1]    1.0041488  1.0055312
p.fac2[14,1]    1.0010555  1.0013377
p.fac2[15,1]    0.9997238  0.9999574
p.fac2[16,1]    1.0010901  1.0049693
p.fac2[17,1]    1.0005555  1.0027308
p.fac2[1,2]     1.0019304  1.0056176
p.fac2[2,2]     1.0035653  1.0083959
p.fac2[3,2]     1.0023539  1.0102923
p.fac2[4,2]     1.0005247  1.0034253
p.fac2[5,2]     1.0018894  1.0057987
p.fac2[6,2]     1.0005205  1.0017760
p.fac2[7,2]     1.0004778  1.0018805
p.fac2[8,2]     1.0009378  1.0059470
p.fac2[9,2]     1.0059283  1.0230347
p.fac2[10,2]    1.0032303  1.0135779
p.fac2[11,2]    1.0074292  1.0251350
p.fac2[12,2]    1.0088170  1.0235144
p.fac2[13,2]    1.0069366  1.0196478
p.fac2[14,2]    1.0036867  1.0101004
p.fac2[15,2]    1.0008259  1.0053742
p.fac2[16,2]    1.0003767  1.0007622
p.fac2[17,2]    1.0016100  1.0083480
p.fac2[1,3]     1.0000852  1.0019466
p.fac2[2,3]     1.0059612  1.0196646
p.fac2[3,3]     1.0011838  1.0067494
p.fac2[4,3]     0.9995089  0.9997590
p.fac2[5,3]     1.0005455  1.0018146
p.fac2[6,3]     1.0008003  1.0035842
p.fac2[7,3]     0.9997267  1.0006016
p.fac2[8,3]     0.9995289  1.0004058
p.fac2[9,3]     1.0054785  1.0198199
p.fac2[10,3]    1.0044736  1.0175981
p.fac2[11,3]    1.0081342  1.0286375
p.fac2[12,3]    1.0061846  1.0216084
p.fac2[13,3]    1.0054203  1.0188266
p.fac2[14,3]    1.0018107  1.0063607
p.fac2[15,3]    1.0006213  1.0041086
p.fac2[16,3]    1.0008901  1.0033967
p.fac2[17,3]    1.0019860  1.0088204
p.global[1]     1.0013083  1.0063619
p.global[2]     1.0045034  1.0170661
p.global[3]     1.0096290  1.0359213
p.ind[1,1]      1.0017256  1.0036704
p.ind[2,1]      1.0017191  1.0035271
p.ind[3,1]      1.0016457  1.0031730
p.ind[4,1]      1.0015105  1.0027832
p.ind[5,1]      1.0014697  1.0026837
p.ind[6,1]      1.0004690  1.0034828
p.ind[7,1]      1.0003388  1.0026887
p.ind[8,1]      1.0004740  1.0035053
p.ind[9,1]      1.0003958  1.0031038
p.ind[10,1]     1.0003695  1.0029334
p.ind[11,1]     1.0004076  1.0031727
p.ind[12,1]     1.0003159  1.0024326
p.ind[13,1]     1.0003073  1.0022877
p.ind[14,1]     1.0010612  1.0050394
p.ind[15,1]     1.0008780  1.0039345
p.ind[16,1]     1.0008757  1.0039237
p.ind[17,1]     1.0009022  1.0040536
p.ind[18,1]     1.0006803  1.0030841
p.ind[19,1]     1.0017784  1.0049700
p.ind[20,1]     1.0026110  1.0056604
p.ind[21,1]     1.0023403  1.0054718
p.ind[22,1]     1.0027122  1.0057231
p.ind[23,1]     1.0015160  1.0046639
p.ind[24,1]     1.0015361  1.0046897
p.ind[25,1]     1.0017187  1.0049055
p.ind[26,1]     1.0015407  1.0046956
p.ind[27,1]     1.0024155  1.0055272
p.ind[28,1]     1.0025119  1.0055949
p.ind[29,1]     1.0019130  1.0051062
p.ind[30,1]     1.0018076  1.0050005
p.ind[31,1]     1.0030596  1.0059060
p.ind[32,1]     1.0031982  1.0059637
p.ind[33,1]     1.0018849  1.0091174
p.ind[34,1]     1.0019303  1.0088085
p.ind[35,1]     0.9994405  1.0000994
p.ind[36,1]     0.9994483  1.0002531
p.ind[37,1]     0.9994531  1.0002697
p.ind[38,1]     1.0002865  1.0029726
p.ind[39,1]     1.0018914  1.0090832
p.ind[40,1]     0.9999804  1.0018666
p.ind[41,1]     0.9997838  1.0004227
p.ind[42,1]     0.9995407  1.0000442
p.ind[43,1]     0.9994323  1.0001611
p.ind[44,1]     0.9995071  1.0004098
p.ind[45,1]     0.9994642  1.0003037
p.ind[46,1]     0.9995071  1.0004098
p.ind[47,1]     1.0018784  1.0091500
p.ind[48,1]     1.0018976  1.0090474
p.ind[49,1]     0.9994322  1.0001475
p.ind[50,1]     0.9994770  1.0003386
p.ind[51,1]     1.0023591  1.0054859
p.ind[52,1]     1.0019231  1.0088712
p.ind[53,1]     1.0001227  1.0022371
p.ind[54,1]     1.0019125  1.0089521
p.ind[55,1]     1.0000919  1.0021580
p.ind[56,1]     1.0058884  1.0210856
p.ind[57,1]     1.0019152  1.0089322
p.ind[58,1]     1.0002865  1.0029726
p.ind[59,1]     1.0018849  1.0091174
p.ind[60,1]     1.0010552  1.0029165
p.ind[61,1]     1.0008859  1.0028450
p.ind[62,1]     1.0012785  1.0053987
p.ind[63,1]     1.0012436  1.0054739
p.ind[64,1]     0.9995088  1.0004240
p.ind[65,1]     0.9994028  1.0003655
p.ind[66,1]     1.0062214  1.0227662
p.ind[67,1]     1.0060941  1.0221176
p.ind[68,1]     1.0005634  1.0009103
p.ind[69,1]     1.0011236  1.0056156
p.ind[70,1]     1.0010677  1.0048443
p.ind[71,1]     1.0010871  1.0051161
p.ind[72,1]     1.0011236  1.0056156
p.ind[73,1]     1.0011913  1.0064256
p.ind[74,1]     0.9995859  1.0006778
p.ind[75,1]     0.9994225  1.0004497
p.ind[76,1]     0.9993541  1.0002876
p.ind[77,1]     1.0050223  1.0078485
p.ind[78,1]     1.0007541  1.0027917
p.ind[79,1]     1.0008155  1.0028160
p.ind[80,1]     1.0012048  1.0055603
p.ind[81,1]     0.9993678  1.0003243
p.ind[82,1]     1.0016763  1.0031550
p.ind[83,1]     1.0046142  1.0072869
p.ind[84,1]     0.9998014  1.0013766
p.ind[85,1]     1.0062467  1.0228989
p.ind[86,1]     0.9993867  1.0004187
p.ind[87,1]     0.9996066  1.0011400
p.ind[88,1]     1.0000677  1.0020955
p.ind[89,1]     1.0050786  1.0079369
p.ind[90,1]     1.0050833  1.0079447
p.ind[91,1]     1.0058776  1.0210312
p.ind[92,1]     1.0001592  1.0023294
p.ind[93,1]     0.9998090  1.0004651
p.ind[1,2]      1.0014419  1.0057831
p.ind[2,2]      1.0013650  1.0056395
p.ind[3,2]      1.0012204  1.0053249
p.ind[4,2]      1.0011093  1.0050260
p.ind[5,2]      1.0010873  1.0049563
p.ind[6,2]      1.0011909  1.0018057
p.ind[7,2]      1.0016776  1.0027438
p.ind[8,2]      1.0011791  1.0017831
p.ind[9,2]      1.0014042  1.0022169
p.ind[10,2]     1.0015107  1.0024225
p.ind[11,2]     1.0013631  1.0021375
p.ind[12,2]     1.0018733  1.0031179
p.ind[13,2]     1.0019955  1.0033499
p.ind[14,2]     1.0018488  1.0070702
p.ind[15,2]     1.0018197  1.0067547
p.ind[16,2]     1.0018200  1.0067519
p.ind[17,2]     1.0018168  1.0067859
p.ind[18,2]     1.0018831  1.0065627
p.ind[19,2]     1.0039346  1.0091971
p.ind[20,2]     1.0054858  1.0136115
p.ind[21,2]     1.0050609  1.0123340
p.ind[22,2]     1.0056294  1.0140595
p.ind[23,2]     1.0032493  1.0074099
p.ind[24,2]     1.0033065  1.0075567
p.ind[25,2]     1.0037896  1.0088129
p.ind[26,2]     1.0033196  1.0075903
p.ind[27,2]     1.0051853  1.0127015
p.ind[28,2]     1.0053376  1.0131583
p.ind[29,2]     1.0042410  1.0100220
p.ind[30,2]     1.0040033  1.0093806
p.ind[31,2]     1.0060680  1.0154944
p.ind[32,2]     1.0062217  1.0160289
p.ind[33,2]     1.0008143  1.0053759
p.ind[34,2]     1.0006259  1.0044152
p.ind[35,2]     1.0005926  1.0025979
p.ind[36,2]     1.0005310  1.0022250
p.ind[37,2]     1.0005263  1.0021950
p.ind[38,2]     1.0014313  1.0039365
p.ind[39,2]     1.0007870  1.0052433
p.ind[40,2]     1.0063921  1.0222467
p.ind[41,2]     1.0002587  1.0020505
p.ind[42,2]     1.0006767  1.0030148
p.ind[43,2]     1.0005618  1.0024181
p.ind[44,2]     1.0004926  1.0019759
p.ind[45,2]     1.0005174  1.0021369
p.ind[46,2]     1.0004926  1.0019759
p.ind[47,2]     1.0008429  1.0055121
p.ind[48,2]     1.0007608  1.0051144
p.ind[49,2]     1.0005675  1.0024527
p.ind[50,2]     1.0005088  1.0020810
p.ind[51,2]     1.0050925  1.0124270
p.ind[52,2]     1.0006563  1.0045784
p.ind[53,2]     1.0054640  1.0193909
p.ind[54,2]     1.0007002  1.0048079
p.ind[55,2]     1.0056685  1.0200389
p.ind[56,2]     1.0006304  1.0012315
p.ind[57,2]     1.0006889  1.0047492
p.ind[58,2]     1.0014313  1.0039365
p.ind[59,2]     1.0008143  1.0053759
p.ind[60,2]     1.0018589  1.0092598
p.ind[61,2]     1.0017974  1.0091120
p.ind[62,2]     1.0024378  1.0106540
p.ind[63,2]     1.0023837  1.0104488
p.ind[64,2]     1.0067336  1.0251085
p.ind[65,2]     1.0057533  1.0225205
p.ind[66,2]     1.0005260  1.0015780
p.ind[67,2]     1.0005576  1.0013830
p.ind[68,2]     1.0025669  1.0076356
p.ind[69,2]     1.0017181  1.0058927
p.ind[70,2]     1.0017247  1.0059054
p.ind[71,2]     1.0017249  1.0059090
p.ind[72,2]     1.0017181  1.0058927
p.ind[73,2]     1.0016480  1.0057401
p.ind[74,2]     1.0094841  1.0296973
p.ind[75,2]     1.0022898  1.0064675
p.ind[76,2]     1.0022152  1.0071395
p.ind[77,2]     1.0026245  1.0051822
p.ind[78,2]     1.0017407  1.0089278
p.ind[79,2]     1.0017685  1.0090236
p.ind[80,2]     1.0023318  1.0101255
p.ind[81,2]     1.0022285  1.0069691
p.ind[82,2]     1.0020440  1.0093521
p.ind[83,2]     1.0030138  1.0062945
p.ind[84,2]     1.0075666  1.0254898
p.ind[85,2]     1.0005223  1.0016371
p.ind[86,2]     1.0048687  1.0196937
p.ind[87,2]     1.0081560  1.0256079
p.ind[88,2]     1.0058273  1.0205351
p.ind[89,2]     1.0024971  1.0048561
p.ind[90,2]     1.0024828  1.0048206
p.ind[91,2]     1.0006347  1.0012267
p.ind[92,2]     1.0052194  1.0186042
p.ind[93,2]     1.0002345  1.0018898
p.ind[1,3]      1.0009670  1.0055981
p.ind[2,3]      1.0010741  1.0059259
p.ind[3,3]      1.0012895  1.0065719
p.ind[4,3]      1.0014858  1.0071494
p.ind[5,3]      1.0015322  1.0072843
p.ind[6,3]      1.0012070  1.0014097
p.ind[7,3]      1.0016351  1.0017126
p.ind[8,3]      1.0011967  1.0014087
p.ind[9,3]      1.0013956  1.0014914
p.ind[10,3]     1.0014899  1.0015657
p.ind[11,3]     1.0013591  1.0014679
p.ind[12,3]     1.0017996  1.0019188
p.ind[13,3]     1.0018982  1.0020609
p.ind[14,3]     1.0007079  1.0024768
p.ind[15,3]     1.0008577  1.0029670
p.ind[16,3]     1.0008600  1.0029727
p.ind[17,3]     1.0008341  1.0029057
p.ind[18,3]     1.0010734  1.0034676
p.ind[19,3]     1.0054690  1.0122526
p.ind[20,3]     1.0069318  1.0179449
p.ind[21,3]     1.0067218  1.0165872
p.ind[22,3]     1.0069622  1.0183499
p.ind[23,3]     1.0043849  1.0094328
p.ind[24,3]     1.0044809  1.0096671
p.ind[25,3]     1.0052537  1.0116566
p.ind[26,3]     1.0045027  1.0097206
p.ind[27,3]     1.0068010  1.0170070
p.ind[28,3]     1.0068783  1.0174966
p.ind[29,3]     1.0058909  1.0134970
p.ind[30,3]     1.0055678  1.0125338
p.ind[31,3]     1.0069130  1.0193726
p.ind[32,3]     1.0068400  1.0196398
p.ind[33,3]     0.9994936  1.0003516
p.ind[34,3]     0.9994649  1.0002956
p.ind[35,3]     1.0000690  1.0019405
p.ind[36,3]     0.9998766  1.0012114
p.ind[37,3]     0.9998623  1.0011551
p.ind[38,3]     1.0000622  1.0009723
p.ind[39,3]     0.9994875  1.0003415
p.ind[40,3]     1.0072359  1.0257065
p.ind[41,3]     0.9994792  1.0004985
p.ind[42,3]     1.0003085  1.0027800
p.ind[43,3]     0.9999730  1.0015837
p.ind[44,3]     0.9997649  1.0007611
p.ind[45,3]     0.9998352  1.0010474
p.ind[46,3]     0.9997649  1.0007611
p.ind[47,3]     0.9995006  1.0003629
p.ind[48,3]     0.9994823  1.0003325
p.ind[49,3]     0.9999911  1.0016517
p.ind[50,3]     0.9998100  1.0009460
p.ind[51,3]     1.0067433  1.0166955
p.ind[52,3]     0.9994674  1.0003026
p.ind[53,3]     1.0063257  1.0226115
p.ind[54,3]     0.9994725  1.0003140
p.ind[55,3]     1.0065342  1.0233288
p.ind[56,3]     1.0007343  1.0030185
p.ind[57,3]     0.9994711  1.0003109
p.ind[58,3]     1.0000622  1.0009723
p.ind[59,3]     0.9994936  1.0003516
p.ind[60,3]     1.0019680  1.0090495
p.ind[61,3]     1.0020176  1.0091145
p.ind[62,3]     1.0012973  1.0072206
p.ind[63,3]     1.0012279  1.0069453
p.ind[64,3]     1.0062131  1.0216676
p.ind[65,3]     1.0053086  1.0193671
p.ind[66,3]     1.0007405  1.0033581
p.ind[67,3]     1.0007069  1.0031490
p.ind[68,3]     1.0015702  1.0052666
p.ind[69,3]     1.0008893  1.0039163
p.ind[70,3]     1.0009391  1.0046504
p.ind[71,3]     1.0009235  1.0043970
p.ind[72,3]     1.0008893  1.0039163
p.ind[73,3]     1.0007796  1.0030324
p.ind[74,3]     1.0094937  1.0326746
p.ind[75,3]     1.0023199  1.0093076
p.ind[76,3]     1.0025009  1.0104802
p.ind[77,3]     1.0054757  1.0140911
p.ind[78,3]     1.0020400  1.0091098
p.ind[79,3]     1.0020321  1.0091205
p.ind[80,3]     1.0011451  1.0065503
p.ind[81,3]     1.0024506  1.0101912
p.ind[82,3]     1.0017229  1.0085361
p.ind[83,3]     1.0060467  1.0166734
p.ind[84,3]     1.0082430  1.0289812
p.ind[85,3]     1.0007565  1.0034247
p.ind[86,3]     1.0044423  1.0169207
p.ind[87,3]     1.0077146  1.0272259
p.ind[88,3]     1.0066931  1.0238724
p.ind[89,3]     1.0052286  1.0132456
p.ind[90,3]     1.0051996  1.0131515
p.ind[91,3]     1.0007375  1.0030158
p.ind[92,3]     1.0060709  1.0217297
p.ind[93,3]     0.9994121  1.0003123

################################################################################
# Geweke Diagnostic
################################################################################

The Geweke diagnostic is a standard z-score, so we'd expect 5% to be outside +/-1.96
Number of variables outside +/-1.96 in each chain (out of 
507
):


       Chain 1 Chain 2 Chain 3
Geweke     128      22      19


And here are the Geweke diagnostics for all variables:

               chain1 chain2 chain3
deviance       -1.605  0.032  1.087
fac1.sig        0.512 -0.310 -0.596
fac2.sig       -1.598  1.306  0.356
ilr.cont1[1]   -1.105  1.829  0.658
ilr.cont1[2]    1.947 -1.514 -0.122
ilr.fac1[1,1]  -2.841 -1.051 -0.098
ilr.fac1[2,1]  -0.426  0.220 -0.319
ilr.fac1[3,1]  -0.216  0.345  0.276
ilr.fac1[4,1]   0.595 -1.312  1.146
ilr.fac1[5,1]  -0.212 -1.488 -0.349
ilr.fac1[6,1]   0.743  0.078  0.270
ilr.fac1[7,1]  -0.381 -0.406 -0.072
ilr.fac1[8,1]   0.833  0.339  0.403
ilr.fac1[1,2]  -0.295 -0.507 -0.776
ilr.fac1[2,2]  -0.047  0.712 -1.739
ilr.fac1[3,2]   0.571  0.343 -0.649
ilr.fac1[4,2]   1.699 -0.405 -0.465
ilr.fac1[5,2]   0.767  1.770  0.581
ilr.fac1[6,2]   0.570  0.561 -1.692
ilr.fac1[7,2]  -1.428  1.041 -0.727
ilr.fac1[8,2]   0.773 -0.623 -1.438
ilr.fac2[1,1]  -2.393  2.677 -0.161
ilr.fac2[2,1]  -0.104  0.734  1.123
ilr.fac2[3,1]   0.762 -0.633  0.484
ilr.fac2[4,1]   1.028  0.194  1.439
ilr.fac2[5,1]   0.456  0.442  1.370
ilr.fac2[6,1]   0.108 -0.859 -1.824
ilr.fac2[7,1]   0.923 -1.760 -1.283
ilr.fac2[8,1]   0.778  0.717 -0.767
ilr.fac2[9,1]   0.163  0.084 -0.181
ilr.fac2[10,1] -0.734 -1.374 -1.873
ilr.fac2[11,1]  0.039 -0.695 -0.428
ilr.fac2[12,1]  0.438  0.681 -0.414
ilr.fac2[13,1]  0.107 -1.205 -0.709
ilr.fac2[14,1] -0.362  1.472 -0.569
ilr.fac2[15,1] -0.131  1.501  0.192
ilr.fac2[16,1]  0.465  0.384  0.103
ilr.fac2[17,1] -0.101 -0.702 -0.034
ilr.fac2[1,2]  -0.133 -0.866 -0.125
ilr.fac2[2,2]   0.288 -0.365 -1.190
ilr.fac2[3,2]  -0.481 -0.350 -2.665
ilr.fac2[4,2]  -0.090 -0.106 -1.399
ilr.fac2[5,2]   1.019 -0.306  0.837
ilr.fac2[6,2]  -0.009 -0.524  2.892
ilr.fac2[7,2]   0.206 -0.319  0.628
ilr.fac2[8,2]  -0.472 -2.287 -1.002
ilr.fac2[9,2]  -0.362  0.210 -0.811
ilr.fac2[10,2] -0.247  0.638 -1.268
ilr.fac2[11,2]  1.530 -0.428  0.416
ilr.fac2[12,2]  1.296 -0.527 -0.100
ilr.fac2[13,2] -1.175 -0.237 -0.858
ilr.fac2[14,2] -0.816 -0.453  1.089
ilr.fac2[15,2] -0.903  0.181 -1.105
ilr.fac2[16,2]  1.453 -0.896  0.331
ilr.fac2[17,2]  0.626  1.237 -1.714
ilr.global[1]   1.498 -0.250 -0.302
ilr.global[2]  -1.288  0.452  1.645
loglik[1]      -1.036  1.031 -1.122
loglik[2]      -0.901  1.004 -1.118
loglik[3]      -1.393  0.960 -1.053
loglik[4]      -1.103  1.180 -1.036
loglik[5]       1.272  0.284 -0.446
loglik[6]       1.203 -0.442 -0.042
loglik[7]       2.076 -1.292  0.064
loglik[8]       1.386 -0.611 -0.041
loglik[9]       1.353 -0.743 -0.610
loglik[10]      2.591 -1.030  0.141
loglik[11]      1.999 -0.824  0.069
loglik[12]      1.547 -1.083  0.190
loglik[13]      0.958 -0.452 -0.653
loglik[14]     -0.263 -0.200 -0.204
loglik[15]      0.558 -0.077  1.147
loglik[16]      0.695 -0.076  1.641
loglik[17]      0.568  0.134  1.712
loglik[18]      0.491 -0.092  0.681
loglik[19]      0.279 -0.706  0.460
loglik[20]      0.307 -1.300 -0.505
loglik[21]      0.869 -2.304 -0.292
loglik[22]      1.192 -1.004  0.144
loglik[23]      1.419 -1.542 -0.078
loglik[24]      1.309 -1.312 -0.007
loglik[25]      1.236 -1.522 -0.095
loglik[26]      1.346 -2.556 -0.063
loglik[27]      0.830 -2.350  0.088
loglik[28]      0.533 -1.892 -0.343
loglik[29]      1.266 -2.045  0.130
loglik[30]     -0.249  0.299  0.350
loglik[31]      0.467 -0.746 -0.823
loglik[32]      0.518 -0.722 -0.830
loglik[33]     -0.341 -0.846  0.369
loglik[34]     -0.491  0.936  1.251
loglik[35]     -2.357  1.822  0.753
loglik[36]      0.816 -1.027  0.174
loglik[37]     -0.062 -0.411  0.660
loglik[38]      0.881 -0.349  0.095
loglik[39]     -0.454  1.908  1.185
loglik[40]      1.090 -0.387  0.541
loglik[41]     -0.904 -0.313 -1.552
loglik[42]      0.959 -1.424 -1.663
loglik[43]     -0.396 -0.365 -0.909
loglik[44]      0.544 -0.742  0.375
loglik[45]      0.328 -0.746  0.421
loglik[46]     -1.160  1.943  0.079
loglik[47]      1.129 -1.372 -1.485
loglik[48]      1.612 -1.602 -1.072
loglik[49]     -0.319 -0.393 -1.101
loglik[50]     -1.131  0.305 -0.647
loglik[51]      0.755  0.954 -1.315
loglik[52]      1.365  0.849 -0.676
loglik[53]     -0.909 -0.423 -0.151
loglik[54]      1.507  0.279 -0.779
loglik[55]      0.339 -0.694  0.160
loglik[56]      1.224  0.599 -1.902
loglik[57]     -0.581  1.158  1.255
loglik[58]      1.967 -1.569 -0.685
loglik[59]     -0.540 -2.708 -0.627
loglik[60]      0.078 -1.936  1.262
loglik[61]     -0.781 -1.529  1.091
loglik[62]      0.457 -1.907 -0.087
loglik[63]      0.415 -1.271 -0.408
loglik[64]      1.405 -1.286 -0.469
loglik[65]      0.702 -0.898 -0.834
loglik[66]      0.778  0.293 -2.790
loglik[67]      2.027 -0.506 -1.979
loglik[68]     -0.701  0.173  0.205
loglik[69]     -0.346 -0.489 -0.173
loglik[70]     -0.285 -0.434 -0.063
loglik[71]     -0.714  0.245 -0.333
loglik[72]     -0.408 -1.194  1.411
loglik[73]     -0.337 -1.093  0.967
loglik[74]     -0.467 -1.296 -0.086
loglik[75]     -0.951 -0.418  1.002
loglik[76]      0.387  0.217 -1.575
loglik[77]     -1.758  0.033  0.908
loglik[78]      0.326  2.666 -1.410
loglik[79]     -0.181  2.698 -1.332
loglik[80]      1.610  0.681 -0.135
loglik[81]      0.085 -0.187 -0.417
loglik[82]      0.272 -1.716  1.469
loglik[83]     -1.291  0.025  0.401
loglik[84]     -0.199 -1.120 -0.185
loglik[85]      1.783 -0.446 -2.440
loglik[86]      1.102  2.306  1.366
loglik[87]      0.595 -1.016  0.758
loglik[88]      0.699 -0.529 -0.274
loglik[89]     -1.361  0.009  1.114
loglik[90]     -0.458  0.110  0.721
loglik[91]     -0.008  0.960 -2.302
loglik[92]      2.734 -0.106 -0.066
loglik[93]      0.854  1.125  0.906
p.fac1[1,1]    -0.313 -0.635  0.296
p.fac1[2,1]     0.767  0.838 -0.219
p.fac1[3,1]     1.533  0.353  0.222
p.fac1[4,1]     2.455 -0.688  1.018
p.fac1[5,1]     2.075  0.208  0.612
p.fac1[6,1]     2.052  0.190  0.179
p.fac1[7,1]     0.570  0.230  0.051
p.fac1[8,1]     2.513 -0.021  0.030
p.fac1[1,2]    -0.824  0.771  0.597
p.fac1[2,2]    -1.326  0.582  0.331
p.fac1[3,2]    -1.390  0.417  0.625
p.fac1[4,2]    -1.273  0.782  0.284
p.fac1[5,2]    -1.732  1.736  1.087
p.fac1[6,2]    -1.456  0.444  0.422
p.fac1[7,2]    -2.055  1.198  0.659
p.fac1[8,2]    -1.824 -0.003  0.485
p.fac1[1,3]     1.548 -0.218 -1.038
p.fac1[2,3]     1.444 -1.231 -0.178
p.fac1[3,3]     0.592 -1.028 -1.160
p.fac1[4,3]    -0.380 -0.169 -1.676
p.fac1[5,3]     0.774 -2.238 -1.832
p.fac1[6,3]     0.357 -0.657 -0.709
p.fac1[7,3]     2.252 -1.520 -0.875
p.fac1[8,3]     0.848  0.029 -0.891
p.fac2[1,1]     1.477  0.861 -0.219
p.fac2[2,1]    -0.056 -0.742  0.062
p.fac2[3,1]     1.613 -0.386 -0.636
p.fac2[4,1]     3.063 -0.024  0.521
p.fac2[5,1]     2.441  0.285  0.870
p.fac2[6,1]     2.402 -0.812  0.596
p.fac2[7,1]     3.202 -1.151 -0.372
p.fac2[8,1]     2.324 -0.544 -0.483
p.fac2[9,1]     1.766  0.395  0.141
p.fac2[10,1]    1.090 -0.240 -1.576
p.fac2[11,1]    1.557 -0.195 -0.489
p.fac2[12,1]    1.133  0.259 -0.119
p.fac2[13,1]    1.163 -0.395 -0.493
p.fac2[14,1]    0.064  0.630  0.305
p.fac2[15,1]    1.818 -0.046  0.597
p.fac2[16,1]    2.710 -0.378  0.342
p.fac2[17,1]    2.319  0.422 -0.387
p.fac2[1,2]    -1.470 -1.031  0.504
p.fac2[2,2]    -0.768  0.529  0.091
p.fac2[3,2]    -2.356  1.711  0.255
p.fac2[4,2]    -2.132  0.119 -0.696
p.fac2[5,2]    -1.527 -0.381  0.081
p.fac2[6,2]    -1.923 -0.160  2.364
p.fac2[7,2]    -1.955  0.416  0.932
p.fac2[8,2]    -1.459 -0.928  0.300
p.fac2[9,2]    -2.058  1.586  1.355
p.fac2[10,2]   -1.256  1.135  0.861
p.fac2[11,2]   -1.074  0.968  0.613
p.fac2[12,2]   -1.457  0.578  0.846
p.fac2[13,2]   -2.122  1.265  0.759
p.fac2[14,2]   -1.520  0.533  0.847
p.fac2[15,2]   -1.547  0.379 -0.040
p.fac2[16,2]   -1.703 -0.521  0.524
p.fac2[17,2]   -1.447  0.363 -0.243
p.fac2[1,3]     1.119  0.595 -0.590
p.fac2[2,3]     1.784 -0.019 -0.210
p.fac2[3,3]     1.690 -1.506  0.254
p.fac2[4,3]     1.030 -0.179  0.576
p.fac2[5,3]     0.116  0.283 -0.994
p.fac2[6,3]     1.354  0.754 -2.937
p.fac2[7,3]     0.836  0.289 -1.343
p.fac2[8,3]     1.480  1.918  0.135
p.fac2[9,3]     1.530 -2.039 -1.275
p.fac2[10,3]    0.483 -1.017  0.609
p.fac2[11,3]    0.422 -0.927 -0.365
p.fac2[12,3]    1.320 -0.552 -0.759
p.fac2[13,3]    2.280 -0.943 -0.425
p.fac2[14,3]    2.161 -1.075 -1.342
p.fac2[15,3]    0.215 -0.364 -0.590
p.fac2[16,3]    0.348  0.920 -0.891
p.fac2[17,3]    0.555 -0.926  0.862
p.global[1]     1.358  0.005  0.551
p.global[2]    -1.492  0.484  1.237
p.global[3]     1.565 -0.693 -1.975
p.ind[1,1]      1.150  0.530 -0.575
p.ind[2,1]      1.111  0.491 -0.603
p.ind[3,1]      1.026  0.407 -0.637
p.ind[4,1]      0.940  0.328 -0.680
p.ind[5,1]      0.919  0.308 -0.690
p.ind[6,1]      2.302 -0.894 -0.051
p.ind[7,1]      3.170 -1.032 -0.175
p.ind[8,1]      2.303 -0.890 -0.047
p.ind[9,1]      2.291 -0.970 -0.121
p.ind[10,1]     2.289 -0.996 -0.135
p.ind[11,1]     2.293 -0.948 -0.108
p.ind[12,1]     3.095 -1.068 -0.213
p.ind[13,1]     3.046 -1.109 -0.237
p.ind[14,1]     3.117 -0.549  0.679
p.ind[15,1]     3.388 -0.592  0.643
p.ind[16,1]     3.385 -0.594  0.642
p.ind[17,1]     3.412 -0.575  0.656
p.ind[18,1]     3.194 -0.705  0.549
p.ind[19,1]     1.891  0.381 -0.023
p.ind[20,1]     1.647  0.204 -0.152
p.ind[21,1]     1.680  0.260 -0.113
p.ind[22,1]     1.633  0.183 -0.166
p.ind[23,1]     1.850  0.445  0.028
p.ind[24,1]     1.855  0.440  0.023
p.ind[25,1]     1.885  0.395 -0.012
p.ind[26,1]     1.856  0.439  0.022
p.ind[27,1]     1.672  0.245 -0.124
p.ind[28,1]     1.660  0.224 -0.138
p.ind[29,1]     1.899  0.351 -0.046
p.ind[30,1]     1.893  0.375 -0.028
p.ind[31,1]     1.576  0.108 -0.216
p.ind[32,1]     1.550  0.076 -0.236
p.ind[33,1]     2.354 -0.474 -0.436
p.ind[34,1]     2.395 -0.314 -0.358
p.ind[35,1]     2.765 -1.479 -0.563
p.ind[36,1]     2.821 -1.310 -0.468
p.ind[37,1]     2.825 -1.297 -0.460
p.ind[38,1]     1.650  0.924 -0.070
p.ind[39,1]     2.360 -0.458 -0.425
p.ind[40,1]     1.662 -0.131 -0.440
p.ind[41,1]     1.688  0.450  0.764
p.ind[42,1]     2.682 -1.630 -0.675
p.ind[43,1]     2.794 -1.392 -0.515
p.ind[44,1]     2.847 -1.197 -0.399
p.ind[45,1]     2.832 -1.271 -0.444
p.ind[46,1]     2.847 -1.197 -0.399
p.ind[47,1]     2.347 -0.491 -0.447
p.ind[48,1]     2.366 -0.442 -0.415
p.ind[49,1]     2.789 -1.406 -0.524
p.ind[50,1]     2.838 -1.246 -0.428
p.ind[51,1]     1.678  0.256 -0.115
p.ind[52,1]     2.388 -0.376 -0.371
p.ind[53,1]     1.748 -0.087 -0.390
p.ind[54,1]     2.379 -0.404 -0.390
p.ind[55,1]     1.730 -0.101 -0.401
p.ind[56,1]     2.421 -0.514  0.745
p.ind[57,1]     2.382 -0.397 -0.385
p.ind[58,1]     1.650  0.924 -0.070
p.ind[59,1]     2.354 -0.474 -0.436
p.ind[60,1]     2.290  0.186 -0.614
p.ind[61,1]     2.305  0.250 -0.557
p.ind[62,1]     1.543 -0.452 -0.671
p.ind[63,1]     1.586 -0.412 -0.650
p.ind[64,1]     1.625  0.300  0.109
p.ind[65,1]     1.792  0.413  0.150
p.ind[66,1]     2.418 -0.736  0.613
p.ind[67,1]     2.427 -0.631  0.634
p.ind[68,1]     0.192  0.703  0.360
p.ind[69,1]     2.532 -0.453  0.121
p.ind[70,1]     2.433 -0.535  0.037
p.ind[71,1]     2.469 -0.504  0.066
p.ind[72,1]     2.532 -0.453  0.121
p.ind[73,1]     2.626 -0.360  0.217
p.ind[74,1]     1.337 -0.421 -0.604
p.ind[75,1]     2.092  0.304 -0.956
p.ind[76,1]     2.096  0.243 -1.040
p.ind[77,1]     0.211 -0.119  0.422
p.ind[78,1]     2.315  0.305 -0.504
p.ind[79,1]     2.311  0.279 -0.530
p.ind[80,1]     1.637 -0.360 -0.621
p.ind[81,1]     2.097  0.258 -1.020
p.ind[82,1]     2.209 -0.036 -0.796
p.ind[83,1]     0.117 -0.288  0.333
p.ind[84,1]     1.543 -0.204 -0.497
p.ind[85,1]     2.414 -0.760  0.608
p.ind[86,1]     1.890  0.494  0.187
p.ind[87,1]     0.631 -0.119 -0.551
p.ind[88,1]     1.715 -0.111 -0.410
p.ind[89,1]     0.223 -0.084  0.445
p.ind[90,1]     0.224 -0.081  0.447
p.ind[91,1]     2.420 -0.509  0.746
p.ind[92,1]     1.770 -0.072 -0.377
p.ind[93,1]     1.690  0.468  0.768
p.ind[1,2]     -1.724 -0.401  0.795
p.ind[2,2]     -1.745 -0.333  0.809
p.ind[3,2]     -1.788 -0.206  0.833
p.ind[4,2]     -1.591 -0.070  0.847
p.ind[5,2]     -1.597 -0.036  1.107
p.ind[6,2]     -2.075  0.469  0.870
p.ind[7,2]     -2.179  0.748  0.914
p.ind[8,2]     -2.072  0.461  0.868
p.ind[9,2]     -2.126  0.607  0.895
p.ind[10,2]    -2.148  0.666  0.904
p.ind[11,2]    -2.117  0.583  0.891
p.ind[12,2]    -2.211  0.833  0.921
p.ind[13,2]    -2.230  0.881  0.924
p.ind[14,2]    -1.523  0.671  0.450
p.ind[15,2]    -1.550  0.874  0.501
p.ind[16,2]    -1.550  0.876  0.501
p.ind[17,2]    -1.547  0.856  0.497
p.ind[18,2]    -1.562  0.988  0.522
p.ind[19,2]    -2.094 -0.442  0.440
p.ind[20,2]    -2.112 -0.060  0.636
p.ind[21,2]    -2.087 -0.170  0.606
p.ind[22,2]    -2.118 -0.010  0.646
p.ind[23,2]    -1.805 -0.590  0.403
p.ind[24,2]    -1.831 -0.578  0.407
p.ind[25,2]    -2.037 -0.474  0.433
p.ind[26,2]    -1.837 -0.575  0.407
p.ind[27,2]    -2.096 -0.137  0.615
p.ind[28,2]    -2.105 -0.095  0.625
p.ind[29,2]    -2.206 -0.373  0.455
p.ind[30,2]    -2.120 -0.427  0.443
p.ind[31,2]    -2.106  0.165  0.677
p.ind[32,2]    -2.107  0.238  0.689
p.ind[33,2]    -1.437 -0.993  0.255
p.ind[34,2]    -1.405 -1.086  0.174
p.ind[35,2]    -2.010  0.809  1.121
p.ind[36,2]    -1.984  0.610  1.025
p.ind[37,2]    -1.982  0.593  1.017
p.ind[38,2]    -1.263 -1.153  0.310
p.ind[39,2]    -1.432 -1.007  0.244
p.ind[40,2]    -1.014  0.730  0.611
p.ind[41,2]    -1.252 -0.619 -0.115
p.ind[42,2]    -2.039  1.130  1.209
p.ind[43,2]    -1.998  0.714  1.079
p.ind[44,2]    -1.964  0.471  0.959
p.ind[45,2]    -1.977  0.561  1.002
p.ind[46,2]    -1.964  0.471  0.959
p.ind[47,2]    -1.442 -0.978  0.266
p.ind[48,2]    -1.428 -1.020  0.234
p.ind[49,2]    -2.000  0.733  1.087
p.ind[50,2]    -1.973  0.530  0.987
p.ind[51,2]    -2.090 -0.162  0.608
p.ind[52,2]    -1.410 -1.072  0.188
p.ind[53,2]    -0.955  0.534  0.603
p.ind[54,2]    -1.418 -1.050  0.208
p.ind[55,2]    -0.968  0.567  0.605
p.ind[56,2]    -1.749 -0.571  1.997
p.ind[57,2]    -1.416 -1.056  0.203
p.ind[58,2]    -1.263 -1.153  0.310
p.ind[59,2]    -1.437 -0.993  0.255
p.ind[60,2]    -1.820  1.034 -0.102
p.ind[61,2]    -1.798  0.860 -0.137
p.ind[62,2]    -2.414  1.844  0.259
p.ind[63,2]    -2.379  1.766  0.257
p.ind[64,2]    -2.114  1.789  1.345
p.ind[65,2]    -2.033  1.539  1.354
p.ind[66,2]    -1.883 -0.308  2.278
p.ind[67,2]    -1.828 -0.446  2.159
p.ind[68,2]    -1.458  0.383  0.840
p.ind[69,2]    -2.150  0.923 -0.400
p.ind[70,2]    -2.192  1.025 -0.342
p.ind[71,2]    -2.177  0.992 -0.362
p.ind[72,2]    -2.150  0.923 -0.400
p.ind[73,2]    -2.112  0.782 -0.469
p.ind[74,2]    -1.183  1.342  0.605
p.ind[75,2]    -0.916  0.082  0.515
p.ind[76,2]    -1.101  0.233  0.570
p.ind[77,2]    -0.521 -0.230 -0.042
p.ind[78,2]    -1.746  0.703 -0.169
p.ind[79,2]    -1.772  0.779 -0.154
p.ind[80,2]    -2.333  1.654  0.252
p.ind[81,2]    -1.059  0.199  0.557
p.ind[82,2]    -1.955  1.566  0.008
p.ind[83,2]    -0.616 -0.035  0.001
p.ind[84,2]    -1.082  0.996  0.613
p.ind[85,2]    -1.896 -0.280  2.307
p.ind[86,2]    -2.385  1.293  1.324
p.ind[87,2]    -1.769  1.230  0.871
p.ind[88,2]    -0.979  0.604  0.607
p.ind[89,2]    -0.486 -0.282 -0.053
p.ind[90,2]    -0.482 -0.287 -0.055
p.ind[91,2]    -1.745 -0.577  1.989
p.ind[92,2]    -0.938  0.485  0.601
p.ind[93,2]    -1.213 -0.655 -0.119
p.ind[1,3]      1.974 -0.087 -0.633
p.ind[2,3]      2.037 -0.137 -0.614
p.ind[3,3]      2.157 -0.230 -0.567
p.ind[4,3]      2.260 -0.308 -0.513
p.ind[5,3]      2.284 -0.287 -0.499
p.ind[6,3]      0.790  0.182 -1.079
p.ind[7,3]      0.945 -0.058 -0.998
p.ind[8,3]      0.786  0.190 -1.080
p.ind[9,3]      0.863  0.065 -1.048
p.ind[10,3]     0.897  0.014 -1.030
p.ind[11,3]     0.850  0.085 -1.055
p.ind[12,3]     1.123 -0.133 -0.957
p.ind[13,3]     1.153 -0.175 -0.931
p.ind[14,3]     0.485 -0.561 -1.475
p.ind[15,3]     0.592 -0.718 -1.225
p.ind[16,3]     0.593 -0.720 -1.224
p.ind[17,3]     0.581 -0.704 -1.236
p.ind[18,3]     0.672 -0.810 -1.142
p.ind[19,3]     1.367  0.230 -0.953
p.ind[20,3]     1.956 -0.220 -0.932
p.ind[21,3]     1.827 -0.088 -0.961
p.ind[22,3]     1.995 -0.267 -0.920
p.ind[23,3]     1.000  0.409 -0.880
p.ind[24,3]     1.033  0.395 -0.886
p.ind[25,3]     1.295  0.269 -0.946
p.ind[26,3]     1.040  0.391 -0.887
p.ind[27,3]     1.867 -0.126 -0.956
p.ind[28,3]     1.914 -0.173 -0.948
p.ind[29,3]     1.510  0.147 -0.964
p.ind[30,3]     1.400  0.212 -0.956
p.ind[31,3]     2.100 -0.418 -0.866
p.ind[32,3]     2.132 -0.475 -0.840
p.ind[33,3]     1.430  1.963  0.136
p.ind[34,3]     0.963  2.155  0.147
p.ind[35,3]     0.964 -0.014 -1.425
p.ind[36,3]     0.901  0.137 -1.402
p.ind[37,3]     0.896  0.150 -1.398
p.ind[38,3]     0.683  0.866 -0.405
p.ind[39,3]     1.417  1.972  0.137
p.ind[40,3]     0.179 -0.763 -0.415
p.ind[41,3]    -0.444  0.415 -0.492
p.ind[42,3]     0.900 -0.173 -1.411
p.ind[43,3]     0.934  0.057 -1.419
p.ind[44,3]     0.855  0.246 -1.363
p.ind[45,3]     0.885  0.175 -1.390
p.ind[46,3]     0.855  0.246 -1.363
p.ind[47,3]     1.443  1.953  0.136
p.ind[48,3]     1.047  1.980  0.138
p.ind[49,3]     0.940  0.044 -1.421
p.ind[50,3]     0.875  0.199 -1.382
p.ind[51,3]     1.837 -0.098 -0.960
p.ind[52,3]     0.983  2.150  0.145
p.ind[53,3]     0.001 -0.572 -0.450
p.ind[54,3]     1.011  1.998  0.142
p.ind[55,3]     0.040 -0.616 -0.443
p.ind[56,3]     0.946  1.173 -2.649
p.ind[57,3]     1.004  2.001  0.142
p.ind[58,3]     0.683  0.866 -0.405
p.ind[59,3]     1.430  1.963  0.136
p.ind[60,3]     0.902 -1.431  0.896
p.ind[61,3]     0.817 -1.320  0.888
p.ind[62,3]     1.786 -1.550  0.295
p.ind[63,3]     1.732 -1.526  0.270
p.ind[64,3]     1.735 -2.164 -1.200
p.ind[65,3]     1.481 -2.007 -1.455
p.ind[66,3]     1.290  0.819 -2.881
p.ind[67,3]     1.061  0.897 -2.790
p.ind[68,3]     1.946 -0.980 -1.419
p.ind[69,3]     1.653 -0.948  0.477
p.ind[70,3]     1.738 -1.041  0.472
p.ind[71,3]     1.710 -1.011  0.473
p.ind[72,3]     1.653 -0.948  0.477
p.ind[73,3]     1.543 -0.818  0.489
p.ind[74,3]     0.794 -1.161 -0.236
p.ind[75,3]    -0.460 -0.396  0.118
p.ind[76,3]    -0.274 -0.459  0.180
p.ind[77,3]     0.752  0.491 -0.358
p.ind[78,3]     0.738 -1.209  0.881
p.ind[79,3]     0.777 -1.265  0.885
p.ind[80,3]     1.645 -1.484  0.238
p.ind[81,3]    -0.317 -0.428  0.167
p.ind[82,3]     1.149 -1.698  0.918
p.ind[83,3]     1.070  0.327 -0.374
p.ind[84,3]     0.449 -0.947 -0.358
p.ind[85,3]     1.311  0.799 -2.900
p.ind[86,3]     1.216 -1.823 -1.478
p.ind[87,3]     2.233 -0.711 -0.430
p.ind[88,3]     0.071 -0.650 -0.438
p.ind[89,3]     0.657  0.536 -0.359
p.ind[90,3]     0.646  0.541 -0.359
p.ind[91,3]     0.941  1.177 -2.642
p.ind[92,3]    -0.047 -0.517 -0.458
p.ind[93,3]    -0.485  0.457 -0.481
